86 57
92 53
47 14
0 38
28 85
57 63
89 66
24 90
33 20
69 0
31 61
61 17
89 53
31 24
72 49
71 41
54 9
52 47
72 1
48 94
17 89
13 36
79 21
26 67
68 68
10 59
69 14
45 38
96 27
62 15
73 75
38 79
71 66
16 13
9 83
23 45
89 33
15 76
47 19
35 13
52 69
96 70
83 47
23 26
49 40
32 12
96 20
90 43
46 11
44 2
99 1
65 20
83 0
40 53
30 18
30 58
72 88
57 54
37 87
32 95
17 95
15 71
44 69
62 43
2 45
20 60
10 50
82 73
31 62
49 78
18 61
31 15
11 0
24 81
58 75
35 33
98 74
61 69
81 49
3 64
67 51
33 12
46 89
94 55
73 36
98 54
96 73
78 43
96 24
75 5
7 48
30 30
6 45
71 35
24 88
22 77
87 99
92 61
73 81
11 11
99 55
85 72
97 79
40 12
76 82
7 36
68 32
90 37
80 10
4 95
72 92
55 80
65 58
55 20
75 49
33 93
27 78
11 9
96 44
43 10
24 80
30 29
68 71
21 45
12 62
1 40
51 52
59 56
26 48
92 65
30 66
73 8
91 8
71 73
14 42
29 66
63 19
92 99
17 70
55 95
10 81
40 31
89 75
30 67
2 8
64 13
21 66
8 89
65 51
69 55
59 51
34 0
14 25
24 65
76 75
58 7
75 43
12 15
11 37
46 61
49 93
39 23
60 81
52 84
5 91
61 21
80 66
96 0
78 10
11 13
46 68
68 40
11 63
28 74
65 64
37 16
86 92
20 32
44 99
57 80
23 90
17 14
61 45
86 22
33 54
89 88
90 93
57 70
59 59
40 1
70 37
78 98
57 79
6 99
33 55
38 45
78 18
13 98
24 76
62 14
60 16
67 13
68 2
21 98
53 40
0 91
87 25
6 50
21 78
78 92
59 40
24 98
98 2
45 8
70 70
51 70
99 62
75 24
12 34
88 84
2 22
37 69
21 35
66 8
64 64
6 87
48 37
27 1
25 8
72 42
35 76
58 1
18 28
31 44
12 8
57 1
98 69
54 34
38 95
78 36
40 81
82 97
83 85
49 84
85 37
79 71
82 29
89 40
23 2
42 66
33 52
62 17
49 53
65 33
21 61
28 89
35 85
84 27
76 61
2 82
82 56
68 67
4 11
18 62
75 30
25 76
62 48
57 3
36 47
39 57
37 44
92 4
51 23
53 53
75 97
59 8
20 49
72 71
66 52
58 42
48 54
52 89
67 8
27 65
96 41
85 66
36 66
74 9
27 20
9 22
95 11
30 49
45 94
99 72
62 38
71 23
5 66
22 19
98 74
31 97
29 77
50 32
77 42
78 64
73 6
80 85
73 72
59 81
19 65
94 21
1 61
2 20
94 92
57 68
96 39
55 70
30 17
49 17
75 83
2 21
34 57
64 49
41 85
50 17
12 59
30 62
21 84
28 46
78 3
26 40
39 98
10 31
49 32
17 65
72 26
51 16
80 70
12 54
38 4
19 73
22 49
23 96
20 34
47 62
89 45
90 88
8 21
34 38
70 14
88 26
37 92
87 79
20 56
37 80
37 66
65 64
22 58
75 61
18 18
76 51
99 0
73 76
79 53
36 19
22 21
96 8
90 62
93 72
41 63
48 72
96 53
72 24
28 65
36 47
46 70
88 21
22 68
58 69
40 37
57 50
7 35
6 40
48 87
71 53
69 20
10 96
42 81
31 50
96 32
95 28
52 15
65 29
44 75
12 52
33 62
53 64
64 56
60 78
0 13
53 65
60 7
26 16
73 7
95 68
41 51
98 21
39 60
80 30
72 5
30 71
18 39
14 82
45 16
66 25
3 42
54 47
15 55
50 0
87 71
49 31
80 26
85 73
24 18
3 55
9 63
6 97
71 0
96 69
27 16
89 75
7 7
32 72
16 61
17 46
40 52
10 39
7 74
56 72
29 45
31 12
58 53
29 19
96 19
84 16
42 95
86 88
5 78
86 11
91 40
3 37
20 57
55 78
82 50
63 75
82 10
44 8
45 90
11 57
67 65
83 51
35 14
59 90
99 96
74 23
5 89
11 18
54 32
66 94
57 2
25 78
64 88
88 3
73 31
23 10
97 70
23 61
49 75
28 89
7 24
56 62
68 90
78 4
40 0
9 87
15 47
66 92
58 75
78 83
99 34
76 13
31 37
5 60
27 60
37 27
81 28
60 21
80 24
12 3
96 21
33 26
46 71
83 58
45 35
32 63
29 43
13 36
58 53
55 64
52 93
84 54
55 86
81 92
92 22
46 72
45 76
91 99
37 59
35 80
9 64
24 9
55 93
31 95
56 49
17 97
98 32
68 19
21 12
94 56
93 33
26 98
14 83
94 79
95 44
58 86
72 84
67 94
95 45
27 96
62 64
64 27
15 82
73 97
24 14
1 92
27 22
22 98
67 31
84 16
91 89
8 11
58 61
18 65
77 47
73 0
57 51
31 21
36 35
66 36
87 77
97 20
32 87
55 47
59 42
34 62
30 84
22 9
78 49
10 53
38 12
9 12
87 97
84 25
13 36
28 30
59 64
66 60
98 9
63 38
16 56
72 12
47 73
12 85
37 52
6 92
48 29
65 4
7 74
2 74
69 70
6 12
89 47
97 23
65 20
81 53
34 44
31 71
24 13
78 58
75 25
82 71
65 98
9 46
43 12
90 19
84 80
89 82
21 65
29 23
27 2
53 70
18 46
25 53
40 40
51 45
23 85
33 12
8 86
18 80
87 99
20 89
0 2
14 50
21 1
19 11
80 1
64 94
27 27
46 98
37 82
55 69
93 57
0 67
61 9
75 11
12 1
87 71
57 33
91 13
22 87
35 47
77 83
98 4
59 69
92 13
16 80
99 96
83 40
34 44
98 46
89 16
17 17
3 13
49 20
58 45
99 38
75 78
24 96
27 39
54 80
14 48
58 38
94 95
19 1
66 61
35 65
44 94
90 49
3 62
4 74
56 29
67 2
11 59
90 68
15 96
23 30
93 84
66 8
89 19
12 91
25 17
2 85
67 25
3 1
87 16
96 8
36 96
4 45
56 84
46 32
52 64
1 15
36 57
41 84
41 22
42 92
58 94
52 62
29 66
26 6
78 8
73 6
84 2
98 54
59 55
31 66
18 72
32 40
6 99
70 33
4 86
73 76
93 86
82 92
64 64
74 70
14 10
18 7
72 22
20 65
23 68
37 67
64 70
64 32
67 8
53 48
40 88
87 9
19 43
84 47
15 99
66 49
55 71
30 24
41 77
27 22
46 23
26 49
19 34
88 76
61 43
40 21
67 77
41 59
89 51
23 32
8 49
25 49
24 65
33 81
0 78
78 55
94 67
68 56
28 92
88 79
9 42
8 49
18 92
61 43
53 32
40 73
46 83
89 47
69 80
4 79
55 99
87 87
92 53
3 16
9 81
17 51
30 68
53 59
35 93
42 96
14 68
74 16
32 73
57 43
48 22
38 86
61 73
93 60
41 31
33 9
36 22
9 23
99 77
11 62
81 19
93 60
9 54
16 72
15 40
52 30
43 45
23 47
1 17
62 96
64 57
34 60
52 25
1 78
15 13
2 26
83 75
91 3
14 69
85 64
63 17
16 97
96 12
52 31
88 79
7 73
74 35
92 65
98 19
95 16
4 25
99 83
99 45
71 65
76 82
28 19
58 40
26 50
72 71
54 89
94 9
37 31
66 80
73 32
77 3
28 37
42 15
27 53
3 19
36 20
68 73
50 70
18 68
36 64
47 67
54 48
2 56
30 3
36 1
6 55
34 28
86 55
7 4
79 97
4 61
89 73
71 86
60 95
43 18
43 51
18 73
49 21
82 92
32 69
27 20
0 8
67 96
27 36
51 28
63 93
86 88
98 75
80 5
50 70
88 36
79 68
42 43
25 52
98 59
79 39
92 7
81 66
63 94
36 56
0 57
71 39
74 84
79 69
33 52
97 57
59 87
30 33
97 97
81 77
32 40
45 54
94 42
58 52
51 43
8 86
82 37
75 81
21 32
10 54
69 12
88 6
33 69
75 75
73 27
91 14
38 59
17 19
20 5
10 7
94 80
49 10
74 64
46 64
27 76
61 79
9 90
71 97
8 56
53 14
76 30
86 78
22 0
93 58
24 91
98 85
91 57
7 55
75 73
2 8
78 3
60 62
60 76
34 91
71 64
60 53
74 60
59 20
42 56
1 92
0 41
10 77
18 78
26 56
9 61
72 12
11 56
75 30
49 56
1 16
97 44
59 4
55 16
1 93
36 3
52 48
70 13
16 51
79 41
25 43
50 30
97 79
4 67
29 91
75 31
64 77
69 92
24 39
13 46
59 40
76 96
13 85
8 64
64 28
97 29
2 46
68 55
48 70
94 18
30 20
93 68
30 84
26 97
11 62
64 77
12 9
46 89
99 53
77 66
92 76
20 3
65 42
7 80
68 81
12 24
34 85
21 78
1 18
33 3
44 8
80 74
87 92
46 85
6 69
3 44
65 31
56 38
86 6
82 37
47 43
55 46
35 82
66 15
71 6
81 2
36 66
52 21
86 93
14 11
50 27
67 38
38 43
30 72
79 5
9 89
16 51
70 22
69 7
85 2
56 37
2 50
29 33
79 28
45 11
86 9
46 24
21 90
50 45
72 87
5 6
46 0
61 15
75 30
51 48
63 81
43 90
22 7
60 79
77 64
17 61
71 62
3 17
36 61
32 51
22 12
2 11
77 32
78 38
94 71
40 3
20 88
67 93
31 2
58 56
20 9
79 10
51 41
48 5
64 63
48 77
66 53
40 22
6 57
35 18
27 81
20 19
44 54
13 10
77 28
53 13
97 42
65 42
14 80
76 28
38 28
59 83
96 42
98 26
81 9
70 73
37 62
13 66
41 33
41 43
91 55
23 50
6 43
22 49
5 68
20 7
88 92
13 50
92 23
70 7
50 49
11 96
67 46
15 26
24 46
39 73
30 73
63 93
60 27
95 42
99 74
52 88
82 9
55 71
34 47
96 78
28 61
20 30
81 78
53 8
10 65
97 11
52 56
69 88
29 2
34 97
13 95
3 32
99 89
71 73
31 9
13 50
1 70
67 70
26 26
75 97
61 6
9 87
11 55
65 28
96 46
23 12
25 30
15 14
17 64
47 63
86 95
37 13
53 86
19 92
26 15
58 18
30 59
0 52
79 12
34 4
54 19
42 3
32 71
10 54
39 69
59 99
77 65
64 48
7 75
62 4
97 89
47 26
50 36
78 20
90 5
95 72
6 91
49 14
28 33
93 76
27 62
89 85
65 54
6 66
11 51
51 22
83 94
11 31
35 49
8 18
18 9
88 62
15 2
83 58
2 96
70 83
80 58
62 95
31 2
38 67
29 99
71 73
28 88
30 33
12 8
15 74
66 91
95 91
54 39
3 83
72 81
99 66
19 94
10 13
34 6
81 26
70 14
41 23
61 78
8 95
79 48
10 23
91 25
78 21
4 50
41 60
33 44
63 33
12 16
59 9
92 2
7 8
34 74
28 26
14 75
8 34
83 79
40 43
54 32
50 27
57 67
85 98
39 0
69 63
13 91
48 31
96 64
68 0
93 34
94 4
62 85
11 36
30 60
66 10
84 48
64 1
61 69
90 82
2 72
68 87
34 47
60 31
43 37
47 77
85 42
67 50
86 15
0 3
10 5
64 84
82 14
32 69
76 64
4 42
22 60
7 94
36 36
94 3
91 86
44 82
40 88
35 51
67 9
77 20
58 99
50 15
38 92
64 47
65 89
34 36
38 41
99 60
48 19
48 63
47 81
73 44
31 70
63 42
0 7
93 43
33 58
33 79
78 7
37 11
5 52
20 72
9 89
22 5
11 84
34 36
77 92
97 12
49 90
46 84
32 31
10 23
25 0
89 34
39 10
89 97
24 77
49 40
13 27
43 70
44 78
18 82
36 28
80 15
0 70
71 67
30 94
86 45
85 45
65 5
61 76
31 24
63 98
83 83
80 93
68 26
44 75
84 43
31 80
67 50
33 2
16 32
72 36
90 96
80 41
2 89
11 11
90 45
66 55
20 81
39 42
9 99
96 62
20 8
0 7
88 93
87 10
68 29
59 82
32 59
76 16
91 94
30 2
82 18
88 32
75 72
98 66
89 32
22 50
37 14
30 37
86 35
67 52
71 90
58 28
25 29
43 51
45 91
4 77
95 8
33 12
86 85
49 44
60 60
48 17
0 65
79 98
77 46
44 32
92 34
67 53
73 57
86 85
0 3
59 97
12 9
19 59
51 8
94 11
55 16
97 66
0 79
48 64
21 55
79 49
21 92
4 48
81 17
2 34
46 8
86 75
49 92
64 24
79 77
96 58
58 63
8 16
37 54
54 46
33 71
74 65
86 58
24 84
89 98
57 46
73 77
84 14
26 84
96 79
78 92
61 51
6 47
79 14
36 71
46 82
10 10
45 0
1 71
58 87
32 25
98 77
51 30
34 77
56 59
93 70
61 53
38 85
6 80
37 72
86 10
35 78
84 62
21 47
34 9
80 59
30 97
80 87
29 18
95 71
62 68
44 0
78 27
47 48
90 41
29 32
3 97
58 53
5 77
71 23
6 27
95 3
94 58
21 70
62 35
23 72
20 86
36 40
72 39
32 24
83 11
41 52
20 74
56 21
43 74
55 33
6 96
56 88
64 87
88 3
63 47
24 59
26 87
67 54
65 82
40 16
6 25
45 21
97 99
88 94
17 79
94 66
39 93
3 35
68 19
97 21
77 53
18 85
86 41
82 61
63 62
22 87
92 51
60 95
67 58
62 12
49 87
72 14
95 93
32 21
12 86
48 18
86 70
41 63
35 38
37 13
90 58
64 39
42 1
55 63
91 22
96 93
48 48
62 18
45 2
79 21
83 83
80 71
32 35
64 89
78 39
85 5
43 13
34 8
94 53
59 29
54 7
1 17
7 77
76 34
60 5
41 62
92 63
50 94
70 46
40 75
57 49
87 4
78 52
66 85
19 14
10 33
75 79
91 24
38 91
35 30
57 47
14 13
30 54
41 10
42 14
76 23
42 14
53 7
15 14
60 66
51 95
20 82
47 68
15 47
26 74
75 3
67 32
59 88
58 3
94 52
82 51
31 11
50 48
99 25
70 24
9 23
28 17
71 18
99 18
20 64
5 57
68 26
32 53
91 90
12 39
61 91
39 74
33 8
85 81
38 84
18 80
54 99
70 45
30 3
89 54
29 75
65 34
70 14
26 40
94 62
42 73
89 83
30 43
32 23
7 30
93 62
65 66
61 37
74 37
99 32
12 83
59 7
81 99
3 22
96 39
66 78
74 8
22 49
15 16
64 61
20 3
31 43
69 91
22 18
38 28
75 72
43 11
45 45
69 3
45 60
36 18
78 49
93 88
36 68
1 31
57 21
92 18
25 2
59 59
87 42
12 37
50 27
1 87
5 81
61 44
63 40
80 86
68 61
54 62
93 13
63 20
42 9
98 57
46 5
2 52
10 21
67 92
27 22
35 80
26 96
13 79
58 45
23 52
57 33
19 76
22 91
3 36
8 83
83 35
69 50
83 48
36 2
95 88
63 17
37 70
67 63
33 58
41 23
65 99
84 2
16 96
25 25
17 15
71 12
58 0
16 15
10 60
97 13
31 69
38 47
87 70
96 73
39 85
32 5
83 86
80 33
26 44
10 53
4 58
67 73
12 62
13 46
51 1
39 41
5 29
49 85
10 70
52 94
30 8
88 52
21 77
51 53
94 70
43 53
90 41
81 68
61 33
82 59
85 73
83 20
11 47
29 27
67 14
23 43
99 26
46 21
18 89
96 14
62 42
31 93
76 45
85 58
7 9
49 77
93 80
92 63
4 36
86 7
71 88
62 95
60 31
6 62
46 75
47 75
32 68
29 7
18 18
16 38
35 66
83 82
57 70
84 3
30 31
79 34
22 44
13 9
98 62
24 34
83 20
36 10
52 32
71 98
29 54
71 20
29 81
59 97
0 99
51 67
66 86
4 58
74 48
79 84
54 98
40 54
7 71
81 49
24 69
23 57
1 7
26 56
13 87
46 98
37 20
18 74
99 11
18 54
23 49
98 33
27 67
26 63
20 92
8 32
44 51
67 21
60 20
86 74
17 41
14 39
63 99
19 58
22 22
80 38
18 73
60 90
4 82
65 18
85 34
85 97
57 9
5 44
40 82
56 47
72 26
78 13
57 50
99 14
56 26
19 1
3 45
32 40
13 2
43 17
5 44
90 90
48 76
91 99
87 18
34 84
25 75
57 33
16 6
42 70
0 22
29 79
82 39
25 69
4 21
80 39
9 85
2 96
48 50
89 2
81 90
37 43
81 18
58 36
10 4
26 86
4 33
85 32
2 41
75 45
53 75
79 15
82 97
15 4
75 92
48 64
93 34
46 76
67 60
97 19
71 2
96 75
65 61
90 65
72 51
49 21
90 83
97 21
2 66
80 89
88 41
15 67
54 18
78 95
31 73
25 93
92 15
73 52
54 67
40 62
1 0
87 61
56 6
49 98
12 30
67 23
79 57
60 61
65 25
80 59
51 29
99 66
65 86
76 3
61 77
21 49
59 0
52 1
80 35
31 97
17 5
59 8
80 89
37 96
15 61
55 94
85 39
67 49
39 67
81 88
68 12
23 82
69 11
21 18
86 99
68 47
4 36
67 38
98 67
61 65
37 89
4 33
28 37
77 86
98 42
92 56
49 40
87 63
18 36
89 42
18 7
92 49
83 79
66 84
80 20
16 85
83 86
3 82
13 68
18 16
72 61
50 0
92 62
74 73
98 48
7 78
99 2
39 97
62 95
67 0
94 20
85 94
26 27
93 11
23 24
79 49
71 7
55 23
49 12
55 39
69 28
41 64
10 55
76 21
40 85
1 64
41 48
8 78
86 95
6 71
35 82
41 76
38 83
24 39
6 91
31 20
49 42
51 49
89 73
47 54
26 36
39 33
93 87
59 24
80 12
11 33
85 85
84 99
33 31
67 96
84 20
77 22
23 32
7 93
68 33
53 32
85 1
30 30
49 39
57 91
99 97
86 57
62 38
27 90
44 67
89 19
59 18
12 33
89 42
19 3
21 47
46 8
7 1
67 52
26 71
92 11
10 52
13 79
22 32
88 71
14 47
18 87
13 12
88 88
15 58
94 77
49 50
60 99
7 52
77 9
66 77
84 19
81 67
98 34
34 95
76 19
5 60
58 29
8 67
13 56
32 83
28 92
80 5
54 54
35 17
36 78
71 76
64 98
36 57
24 88
42 61
97 3
72 37
69 43
80 34
92 54
47 31
6 99
98 44
92 47
33 80
11 93
69 27
79 58
24 16
16 13
63 77
95 35
81 92
65 49
66 40
96 86
82 50
41 60
3 30
39 0
94 54
23 51
93 73
22 35
28 3
40 71
97 18
16 56
31 92
47 59
49 85
56 2
34 63
35 95
85 42
90 24
65 3
39 52
96 7
90 18
86 53
25 36
73 42
88 40
19 38
52 71
34 79
80 91
70 45
56 63
29 85
14 90
63 96
88 51
83 65
65 97
44 2
10 30
18 62
41 28
19 85
35 97
45 90
97 88
37 13
54 67
47 28
34 22
22 85
98 51
77 47
16 40
34 55
13 92
42 45
41 82
91 82
65 7
47 32
28 19
99 52
93 81
30 67
23 16
61 5
65 8
0 53
37 94
72 62
32 69
61 35
51 68
14 33
62 1
98 62
76 59
6 56
7 4
30 8
33 86
81 3
42 67
84 58
95 9
86 30
61 31
38 5
20 66
40 88
40 9
15 18
45 21
79 3
88 37
60 82
38 32
83 86
52 22
11 0
18 90
69 55
41 13
46 25
94 95
82 61
93 11
81 69
86 70
25 48
95 90
28 77
15 35
16 5
34 1
67 98
96 72
52 82
32 82
65 69
56 75
15 62
93 86
60 95
62 61
74 43
85 8
90 4
41 74
44 52
3 76
33 98
14 19
6 84
4 24
96 32
82 8
15 70
22 81
51 98
44 1
46 89
75 26
26 81
18 74
42 87
40 96
94 36
9 53
70 77
64 66
2 82
38 83
13 17
18 15
58 23
29 36
37 97
23 46
51 45
24 72
16 92
14 51
73 34
48 0
1 47
3 13
79 33
80 9
77 4
60 92
90 22
82 67
35 93
41 42
38 87
83 13
50 48
14 52
94 16
36 69
52 12
61 16
42 46
4 71
22 41
67 59
82 30
7 87
55 33
28 89
75 17
71 68
72 35
21 45
66 54
49 51
69 3
31 61
47 49
96 12
40 11
27 70
45 68
38 41
8 51
24 16
46 47
37 79
53 62
93 43
96 29
84 45
23 75
78 87
33 90
31 41
60 60
49 86
39 79
57 19
86 29
3 82
34 2
55 29
24 17
85 87
21 31
46 7
55 37
84 28
82 9
73 64
27 13
42 99
71 78
42 64
76 96
76 85
48 60
96 34
24 42
85 31
72 72
51 29
60 15
20 76
20 36
25 37
15 9
17 78
15 34
30 13
2 42
23 86
81 11
27 64
67 42
83 50
57 30
56 35
79 28
46 75
28 16
79 55
53 70
15 40
66 76
13 61
83 71
61 64
89 45
42 89
39 5
61 80
74 16
19 9
34 4
27 35
86 61
13 54
87 89
60 51
10 22
59 46
29 67
19 97
93 59
4 43
16 56
3 72
45 69
74 47
73 10
85 76
39 16
97 40
63 45
36 43
19 35
48 62
47 92
52 62
10 99
24 23
12 37
44 78
77 72
44 29
51 9
65 89
91 67
32 55
29 41
91 69
82 3
49 0
87 8
73 65
8 20
62 6
48 4
29 64
49 93
66 21
26 44
39 33
17 58
15 50
74 70
65 67
46 43
9 10
1 17
14 95
83 70
45 94
43 60
5 43
20 56
50 1
91 48
20 49
11 43
22 93
84 6
42 62
90 33
70 86
33 40
7 2
68 3
26 84
43 2
35 35
66 33
58 11
21 77
12 97
50 62
21 7
19 13
26 90
29 66
16 83
34 7
96 2
55 16
51 58
54 99
44 49
43 57
13 27
51 65
84 29
85 35
13 18
30 93
50 39
30 31
42 52
98 79
73 5
58 9
62 11
24 98
75 99
69 73
28 67
77 13
60 75
58 88
88 44
82 42
95 29
64 17
41 6
30 96
28 65
86 73
23 83
30 44
89 34
34 98
59 8
83 90
48 62
48 4
19 98
18 45
51 4
77 43
31 3
30 43
46 66
49 1
65 42
1 41
74 98
42 19
94 47
91 75
83 54
30 96
68 18
40 89
89 56
91 17
92 67
11 53
4 18
91 23
68 66
61 19
85 17
65 6
49 64
37 6
96 16
75 2
28 31
15 3
69 72
26 11
38 16
34 20
13 91
38 69
52 69
3 45
16 10
29 60
7 35
75 72
16 10
64 14
81 25
8 21
62 9
47 67
8 34
75 52
75 67
82 56
10 45
81 44
81 18
31 75
71 48
0 16
88 7
25 27
90 65
41 74
7 86
35 32
88 54
12 34
64 17
85 97
52 34
30 55
39 72
66 36
43 57
1 67
21 30
10 7
7 17
75 1
89 12
94 8
50 71
40 32
41 5
6 39
80 20
12 4
25 69
95 33
33 60
36 5
57 18
76 96
12 10
15 93
39 29
62 32
23 83
6 8
83 21
58 25
93 48
84 12
22 90
27 4
89 95
37 37
73 21
10 35
75 16
45 54
63 89
69 88
87 51
80 69
42 27
86 78
6 66
99 14
49 30
29 6
52 68
30 11
97 12
67 10
44 55
87 93
97 45
6 26
91 89
36 34
35 42
73 17
1 2
16 20
77 58
64 2
38 3
93 44
58 30
37 28
56 32
80 36
80 80
22 29
95 74
71 36
46 45
65 87
4 48
55 84
68 6
50 85
43 17
26 86
54 48
41 15
74 85
90 67
64 50
50 85
39 88
41 35
64 97
32 27
82 88
62 11
41 74
46 16
75 22
57 98
55 60
40 42
51 77
40 93
35 57
53 94
37 80
27 71
41 4
42 51
69 37
3 82
63 65
63 93
11 49
65 64
17 0
84 72
15 93
70 35
68 49
99 1
98 50
21 30
77 90
67 64
17 11
87 9
63 50
99 45
75 99
36 22
35 82
76 33
83 80
20 36
7 38
58 48
63 69
43 43
26 1
14 94
67 25
10 6
74 48
2 48
45 17
34 25
9 67
66 21
98 99
34 10
65 52
25 55
81 8
76 4
36 35
77 57
52 6
24 98
98 36
51 68
85 97
2 21
45 53
63 18
88 6
96 98
53 4
67 26
95 12
35 18
2 94
19 42
21 43
34 44
94 88
72 29
1 1
96 63
74 93
81 46
60 63
86 64
35 90
0 80
68 76
49 70
53 65
73 22
88 53
16 88
97 29
68 6
21 16
25 43
2 33
7 39
5 66
63 5
1 14
84 1
20 70
81 22
61 23
75 91
7 75
63 40
55 26
85 42
0 24
38 50
75 81
89 43
39 4
71 92
74 31
45 27
1 65
63 35
74 56
15 26
72 92
54 76
96 92
96 92
55 5
19 50
82 97
54 36
65 39
75 37
35 21
28 47
80 7
61 11
78 24
19 72
42 73
52 64
19 25
8 88
16 65
12 0
76 9
53 83
59 13
14 78
78 91
65 34
69 97
65 67
75 33
53 54
89 42
20 19
8 68
2 34
9 82
79 77
15 54
25 4
85 81
87 99
87 89
76 2
62 9
0 31
0 43
50 15
75 74
70 74
73 89
94 23
63 81
69 38
40 44
87 78
28 67
59 64
40 58
91 85
5 23
66 60
49 93
69 74
50 12
28 91
13 97
16 81
41 41
25 3
67 60
56 64
58 47
94 84
33 5
99 41
90 94
2 89
40 56
70 17
77 14
35 81
13 72
32 31
93 15
7 64
14 62
87 49
19 52
13 8
38 0
22 82
72 37
78 99
98 17
19 3
84 19
62 58
51 30
69 90
40 79
42 16
40 36
42 27
40 2
75 36
77 98
9 34
15 36
1 15
64 79
20 6
33 45
58 17
42 1
81 83
80 15
6 19
24 57
80 90
70 67
85 59
26 86
64 9
56 90
61 25
26 87
69 71
28 5
18 35
7 46
34 89
15 3
18 77
57 81
75 59
44 40
29 22
44 54
92 17
4 71
92 29
83 87
29 7
31 52
81 99
55 87
15 6
13 52
72 50
64 62
59 31
68 52
26 15
24 96
72 94
54 12
59 5
25 1
40 90
19 49
47 58
8 68
69 45
84 49
86 84
52 91
86 50
31 97
18 90
73 29
56 56
34 21
75 8
44 31
45 8
54 64
21 97
32 41
60 48
89 32
77 75
83 64
27 9
43 94
70 94
10 42
90 79
70 19
40 91
69 88
46 16
84 86
89 45
9 76
56 29
68 96
66 43
66 72
85 73
98 66
8 41
2 68
65 9
80 3
0 49
21 48
82 26
70 74
7 96
26 93
38 44
99 13
0 50
83 18
38 29
59 47
75 96
9 82
90 84
98 35
41 91
3 27
36 16
31 21
24 65
88 26
40 82
77 84
5 28
33 56
2 57
71 16
11 92
66 21
86 98
7 51
0 35
3 84
60 70
22 53
24 64
59 4
5 81
22 19
65 37
4 61
32 32
0 50
65 69
84 34
15 73
19 4
5 31
34 56
35 36
36 45
1 2
31 63
73 77
7 30
17 50
70 17
27 47
94 7
22 39
80 53
24 70
59 24
38 3
89 3
44 12
21 66
50 17
8 81
92 65
15 61
84 62
14 33
83 61
68 35
66 77
28 92
20 17
89 8
23 24
24 95
82 62
39 50
88 21
27 38
52 93
23 38
23 21
72 86
51 74
21 1
60 30
37 67
67 65
50 31
42 8
74 8
84 47
34 87
0 85
96 98
47 82
3 45
99 89
6 87
35 25
68 50
53 63
54 44
10 65
30 83
73 32
77 57
76 90
34 45
8 34
59 23
61 69
57 22
92 21
0 69
6 16
5 84
14 22
92 14
23 79
58 37
52 86
42 51
58 61
75 14
65 78
86 6
77 71
70 93
19 80
82 7
45 63
98 72
86 18
84 86
82 5
21 31
64 36
30 67
8 88
53 74
78 64
90 28
12 81
94 16
85 63
70 59
8 68
91 79
75 51
58 13
63 34
10 86
55 26
59 55
10 96
97 88
52 50
67 50
82 84
50 58
62 65
45 27
21 16
45 22
51 42
42 37
66 30
86 39
73 97
46 71
11 65
67 26
57 12
59 15
83 1
63 94
89 58
47 54
94 5
3 57
85 0
91 62
61 38
77 12
28 31
59 24
95 18
81 4
27 66
47 87
3 53
15 36
97 3
94 39
65 87
72 81
3 13
42 54
65 8
91 94
87 24
4 61
94 33
67 57
77 24
67 12
61 62
29 82
63 81
33 74
66 48
39 63
72 60
88 58
35 55
63 58
81 81
35 63
13 79
30 30
52 68
45 99
60 57
71 88
84 52
8 15
14 6
7 5
5 52
83 51
97 40
25 97
46 39
87 83
86 77
60 1
91 54
71 34
82 28
85 75
79 38
59 71
29 32
58 21
94 96
70 10
87 70
96 89
91 8
35 90
56 85
53 21
29 38
80 11
92 86
44 49
14 31
42 21
77 1
39 43
68 87
33 11
33 34
1 82
79 45
77 56
76 15
59 87
11 29
74 94
74 58
36 55
57 28
76 52
34 66
74 56
76 17
77 54
44 53
17 9
49 51
46 54
44 63
62 35
40 67
60 2
96 7
70 48
50 87
15 31
80 58
2 51
93 21
27 5
40 65
39 27
49 88
42 88
53 72
74 57
47 20
14 19
91 70
1 0
12 13
44 89
16 7
41 8
55 37
60 72
97 25
74 76
0 29
90 49
70 21
62 50
86 18
75 27
72 30
91 21
66 62
1 44
4 91
72 5
12 97
52 2
20 41
60 73
89 25
27 90
45 34
99 78
52 1
57 69
62 6
90 9
89 81
24 37
37 16
52 47
17 42
65 4
44 24
10 19
79 3
9 32
35 19
37 76
28 96
89 29
61 74
41 29
91 58
20 0
27 5
52 22
27 61
40 93
53 72
77 40
48 87
46 92
63 25
7 59
56 19
84 48
26 3
8 10
10 13
67 49
25 31
20 88
40 57
32 66
32 72
52 50
56 43
62 36
94 34
44 75
29 5
26 53
85 31
37 71
47 0
29 95
62 61
67 73
51 33
59 99
35 33
81 39
28 49
75 59
41 66
38 68
14 57
87 23
72 52
34 77
9 47
8 92
16 31
78 10
33 10
80 66
91 38
7 84
75 93
10 87
94 22
6 75
95 23
65 67
88 35
71 4
91 6
12 96
2 45
52 96
48 66
1 90
20 29
40 92
26 91
34 8
75 42
93 44
42 2
54 39
85 68
19 49
74 44
52 62
93 99
63 69
77 99
99 15
83 6
49 54
96 37
11 21
15 90
97 82
11 63
28 70
79 23
2 52
54 47
68 57
56 30
45 17
78 18
77 1
58 63
82 44
73 68
89 19
62 68
18 18
59 8
63 32
83 52
76 44
90 56
69 2
27 89
8 11
68 57
41 49
35 38
8 23
32 65
8 94
10 53
35 3
90 39
71 17
70 3
42 27
83 21
9 37
95 43
73 61
31 13
4 47
42 99
88 82
76 72
34 58
48 56
2 24
26 65
72 50
56 62
68 71
77 88
81 14
21 95
35 94
52 15
11 41
87 44
66 3
95 39
19 6
47 9
76 54
3 30
77 25
15 22
51 43
83 8
42 11
85 33
50 69
72 8
96 37
41 32
86 48
60 98
85 85
59 77
64 17
89 62
10 63
11 73
97 53
32 66
56 76
45 9
45 99
72 73
56 17
26 41
40 70
32 54
31 9
49 96
0 82
30 51
43 97
58 26
25 33
53 45
66 90
35 33
59 16
81 60
57 92
46 46
35 54
6 12
70 75
48 31
42 86
20 52
66 82
8 47
1 35
70 3
94 59
80 97
4 46
5 61
58 72
30 25
82 78
68 13
87 28
34 64
2 75
94 12
73 30
63 31
90 60
31 87
59 33
35 26
50 22
91 91
69 61
8 89
22 2
92 15
21 31
34 8
89 75
53 21
81 72
6 94
40 4
61 62
25 42
58 52
40 12
4 7
23 85
8 35
62 78
45 82
78 74
56 39
87 83
4 89
68 38
64 87
88 38
35 73
71 67
95 13
27 74
35 50
83 34
80 30
48 94
35 9
62 0
42 59
56 92
32 49
39 72
97 42
88 4
78 24
90 26
3 73
32 43
36 3
70 36
42 15
60 30
65 65
36 60
47 85
55 30
95 85
17 63
1 41
70 45
97 92
11 96
87 77
38 34
77 86
13 58
57 31
23 51
31 63
3 90
45 57
91 30
44 81
56 6
53 2
21 51
28 53
41 51
71 21
96 74
27 67
27 21
26 83
60 20
29 60
20 16
56 75
96 28
68 1
86 90
61 5
87 39
14 48
43 26
87 50
68 61
63 6
20 56
16 10
52 30
96 76
27 82
2 64
24 79
65 88
73 1
62 30
11 49
2 62
26 12
91 87
83 41
0 14
16 67
5 98
38 76
77 36
10 6
88 54
78 0
34 96
12 66
20 24
82 73
78 30
72 71
11 75
29 22
52 46
11 38
57 5
29 36
6 47
83 53
3 97
58 43
98 35
43 3
71 97
18 5
9 76
79 75
7 59
63 98
14 16
47 48
20 21
54 85
29 88
98 43
50 3
37 87
48 56
89 14
81 37
75 13
26 69
36 74
64 77
49 12
65 34
20 21
46 43
26 37
37 37
76 81
4 96
62 57
14 46
25 89
28 52
75 46
20 3
16 89
13 89
20 33
8 73
6 0
44 85
39 5
29 10
74 6
86 7
73 69
58 60
63 47
18 43
61 51
73 11
0 23
70 24
64 67
20 57
9 41
50 4
84 87
6 36
58 72
72 83
60 0
95 70
74 90
17 89
82 32
6 94
21 7
2 54
40 84
40 76
48 38
27 58
91 83
80 55
23 51
20 22
32 80
39 44
20 89
14 71
95 20
58 80
39 63
21 94
9 78
75 25
50 70
86 85
3 31
15 31
18 65
25 36
22 12
71 46
30 97
5 11
97 76
83 11
36 98
1 25
3 50
29 70
87 72
34 9
63 71
89 5
11 34
98 37
5 20
36 65
78 81
4 42
85 15
81 45
36 15
15 43
8 11
67 37
20 33
51 69
36 30
85 65
71 57
71 49
55 11
62 68
10 85
79 98
28 55
46 95
55 63
11 33
75 16
93 25
86 19
85 75
52 40
4 37
78 18
25 41
14 76
5 73
76 8
12 35
82 0
46 83
70 91
95 68
62 20
56 49
91 21
73 88
74 72
2 11
54 11
49 96
94 6
19 53
99 24
87 71
17 29
18 26
15 52
53 32
93 60
90 99
47 24
96 25
92 98
58 83
27 96
11 90
2 35
53 67
66 6
97 53
73 32
1 45
5 8
92 72
46 61
61 36
20 9
46 90
41 86
57 30
11 77
70 5
90 13
67 6
40 96
82 56
40 54
82 95
82 79
4 68
64 70
61 1
6 71
24 28
44 3
9 2
17 4
4 70
27 97
79 72
4 82
88 90
67 72
77 25
84 5
62 33
94 11
5 60
39 70
69 4
82 63
85 43
86 5
61 15
3 73
39 82
23 12
55 54
90 98
29 64
45 37
37 39
49 66
71 63
15 1
0 14
87 80
79 41
49 36
40 65
50 96
15 93
39 27
27 94
89 2
33 23
15 57
34 65
92 82
52 36
48 92
93 6
58 66
4 92
12 61
97 46
94 65
24 56
79 23
85 3
71 61
92 35
7 14
66 69
55 6
44 98
43 26
76 44
7 36
