34 24
75 73
66 55
97 13
30 87
33 35
13 8
71 79
29 72
15 98
36 31
17 9
63 31
23 9
76 23
62 97
53 9
42 83
81 73
44 26
18 65
66 60
86 61
38 24
12 75
23 0
57 58
1 78
84 76
62 84
81 34
70 83
62 28
13 31
80 13
80 68
42 80
44 50
44 40
80 17
15 76
70 6
41 36
88 65
53 48
74 46
33 69
87 64
70 59
83 29
8 55
67 26
94 15
64 47
20 68
64 98
30 45
65 42
72 45
45 25
9 21
99 44
10 84
41 3
40 80
55 86
91 80
44 33
10 39
83 87
65 66
95 21
13 51
79 88
66 36
34 96
84 27
79 94
4 60
9 27
83 7
26 53
20 37
42 73
53 80
81 75
18 43
11 87
36 79
83 81
14 52
93 68
42 92
77 17
49 61
75 30
77 71
81 86
57 27
28 18
3 27
42 85
94 10
12 11
70 53
8 42
59 78
37 80
41 1
25 91
71 9
16 92
13 9
24 33
75 11
74 77
94 60
64 74
2 26
5 5
92 2
43 29
94 11
91 35
24 86
94 42
70 92
14 35
62 85
28 57
15 48
48 82
56 93
90 35
85 65
83 92
14 36
42 15
78 62
44 44
28 43
91 48
24 91
95 95
68 35
15 68
71 57
30 92
93 59
69 68
86 5
17 44
45 60
68 91
93 77
31 96
26 65
77 76
15 35
84 19
73 36
55 94
1 98
59 24
85 6
38 71
40 46
86 44
68 99
56 94
6 87
35 50
85 10
16 41
83 82
0 95
53 4
94 69
58 88
97 8
13 25
28 68
88 54
24 71
49 60
1 59
74 77
21 53
60 91
42 86
8 21
59 98
97 9
7 48
58 33
25 70
6 1
4 54
22 23
90 13
67 17
77 97
65 89
89 86
3 85
61 98
9 2
16 66
90 27
74 50
56 91
56 37
22 89
15 64
48 73
75 8
74 13
71 99
1 41
52 30
0 76
64 36
76 92
25 99
44 2
82 20
62 54
82 66
44 17
82 71
77 64
18 0
73 94
52 63
35 81
47 59
38 15
79 94
22 52
26 84
33 47
55 21
72 63
39 6
9 9
6 11
44 34
60 32
28 69
58 45
48 51
59 63
91 13
39 83
62 45
52 46
65 63
99 48
29 43
3 71
55 39
3 22
44 74
16 53
93 91
13 42
69 95
81 84
32 52
79 40
17 59
73 21
80 82
87 73
10 59
3 51
0 7
55 24
6 14
72 61
69 64
63 89
23 76
92 92
72 23
54 64
40 69
53 55
63 38
57 2
34 7
67 41
40 38
3 9
74 41
15 59
89 76
42 89
5 24
60 74
23 94
89 73
75 11
33 33
94 63
39 75
96 24
89 0
73 11
48 66
33 42
73 47
21 57
66 68
76 14
76 52
85 93
47 88
31 90
52 21
13 4
8 72
28 19
21 28
56 10
90 29
43 69
99 31
1 60
38 49
87 58
9 31
61 26
25 45
87 5
73 51
17 73
60 61
83 41
91 72
73 98
79 42
9 35
62 64
90 71
99 59
21 34
84 62
94 16
77 25
21 8
51 10
76 12
17 58
49 56
47 62
39 21
6 63
70 25
73 2
56 39
81 53
75 30
85 39
28 62
56 17
63 80
18 74
81 93
49 21
77 66
21 62
27 31
6 83
16 43
37 0
80 35
7 68
48 17
93 15
1 33
88 0
73 39
94 50
12 31
31 62
44 40
28 51
15 41
95 70
31 75
23 14
88 35
98 4
67 51
34 50
51 81
68 50
47 64
23 57
30 38
18 92
42 75
75 32
64 1
25 45
54 85
65 48
8 24
17 22
37 92
60 72
60 76
77 79
44 54
34 21
1 84
45 80
80 82
12 62
16 93
70 73
75 28
85 9
51 34
30 74
9 56
59 79
14 73
31 90
39 8
30 3
34 99
57 49
25 98
96 5
24 68
32 92
51 94
43 97
19 98
99 55
80 84
79 50
93 1
53 64
3 25
96 47
55 90
63 89
60 19
82 19
96 86
76 52
42 74
10 18
37 32
95 85
13 43
88 93
82 76
65 66
5 35
39 54
1 86
5 96
67 63
44 53
79 2
86 93
83 54
68 20
5 45
37 6
89 48
51 12
8 38
11 81
43 57
46 83
35 8
69 40
40 54
16 89
49 59
54 35
73 28
31 56
89 69
57 11
73 11
37 0
7 19
3 74
94 74
72 78
96 64
7 54
18 35
59 88
46 22
81 7
89 43
99 69
16 19
91 1
17 13
49 60
10 26
92 72
98 37
53 12
64 70
90 48
45 1
55 77
19 23
13 88
32 66
26 8
18 75
89 58
79 3
78 44
53 60
61 74
55 0
39 66
57 96
87 54
55 61
25 52
4 40
4 80
86 73
25 61
79 86
62 52
72 22
84 25
21 53
51 84
60 69
59 28
47 32
63 85
83 23
71 11
22 98
90 5
16 69
87 22
21 7
40 63
35 48
2 89
4 30
0 74
51 83
3 17
8 86
10 29
97 5
41 9
8 95
7 27
82 29
30 72
10 56
63 42
32 72
69 55
92 0
21 61
92 17
40 32
83 4
97 64
62 70
27 39
58 56
17 99
77 64
80 98
90 94
99 80
73 97
85 16
83 69
93 25
75 17
47 30
78 15
48 0
19 90
80 36
6 3
71 32
98 14
59 25
36 33
78 17
61 57
86 9
22 80
82 35
47 46
75 22
82 99
44 39
3 26
50 13
27 63
88 95
32 62
17 82
36 70
62 69
68 69
56 10
68 73
89 12
66 70
36 98
12 85
48 72
70 43
60 12
55 89
68 32
76 83
80 84
2 47
31 79
26 4
52 48
73 78
20 14
79 61
11 81
81 69
61 88
60 43
90 86
44 15
22 16
78 1
19 51
98 25
98 94
55 87
61 53
6 28
82 42
25 22
88 95
92 59
95 20
86 28
6 8
35 31
32 11
1 90
56 41
96 2
51 73
8 18
82 21
82 94
2 77
64 48
26 70
59 47
76 6
34 85
90 97
59 84
33 77
15 84
81 11
61 36
14 7
45 22
27 10
31 54
75 36
31 1
37 65
49 1
76 82
8 95
17 80
65 4
21 87
14 25
6 8
56 11
39 79
26 22
58 59
82 80
32 60
12 16
99 18
53 87
56 97
84 71
47 67
66 55
90 76
54 23
36 79
73 13
20 38
38 33
32 28
77 48
42 19
53 31
96 19
79 15
51 50
97 14
35 60
19 14
84 9
25 55
72 10
92 41
32 4
43 94
93 68
12 83
25 49
83 38
73 12
72 6
68 63
50 8
83 84
23 68
87 82
36 77
27 83
59 39
96 93
44 5
66 16
96 18
1 11
71 67
27 19
59 91
14 61
49 19
3 43
43 44
26 40
35 68
84 71
98 51
68 71
89 12
96 13
39 85
65 72
3 87
19 89
16 24
49 95
64 40
9 99
66 57
8 27
48 94
64 43
36 8
55 35
90 93
99 45
70 30
74 18
87 38
6 73
64 38
62 82
12 47
37 80
69 91
75 53
45 6
28 8
68 32
54 11
72 93
41 15
68 46
76 86
81 83
6 24
89 4
71 66
67 85
87 11
26 95
89 97
35 51
98 71
31 70
14 84
45 61
46 34
31 45
52 24
45 89
84 24
82 32
56 11
98 80
90 69
29 11
44 21
77 15
8 22
15 51
29 52
98 33
25 39
60 40
87 72
23 29
62 26
15 91
5 16
24 74
0 65
43 27
90 22
22 94
78 53
94 67
52 0
28 22
33 39
74 62
67 76
43 17
58 39
28 52
93 57
3 85
15 46
75 53
2 4
84 79
14 86
81 86
32 9
82 48
44 83
48 98
96 20
47 54
45 21
54 58
86 49
40 93
17 34
83 20
54 69
24 79
26 46
14 78
82 78
31 81
62 50
74 55
49 82
48 16
36 5
60 21
65 38
21 54
37 73
92 8
35 44
71 62
86 38
58 75
66 79
66 16
49 72
52 50
36 25
2 53
1 49
17 41
81 18
76 27
55 17
52 97
77 27
63 17
95 66
39 54
14 37
25 72
79 74
0 20
0 98
17 18
99 12
96 50
29 69
59 45
11 31
11 42
15 54
9 51
84 68
0 47
64 27
35 14
20 45
95 64
39 75
79 26
39 52
84 83
54 21
64 94
50 26
14 77
71 3
85 4
38 79
84 66
22 10
87 2
36 31
33 7
52 15
6 28
69 50
31 74
72 50
54 26
91 11
31 40
63 8
48 93
47 15
39 70
55 79
32 64
23 51
18 87
7 43
29 21
87 64
16 74
30 88
23 92
18 76
4 23
34 11
76 75
74 91
53 40
6 38
6 92
58 43
77 68
40 59
92 72
76 96
47 96
76 63
85 7
98 0
28 48
16 31
36 41
62 52
5 89
30 9
74 68
83 33
95 84
73 75
81 75
66 2
73 88
64 70
75 34
24 78
46 73
9 62
75 33
51 40
52 98
62 56
3 12
9 25
81 95
61 72
82 31
21 7
35 26
82 56
94 92
82 79
77 11
92 93
34 87
32 78
34 66
6 38
64 53
47 23
52 83
65 84
53 52
50 60
29 32
2 37
60 94
45 28
67 88
55 55
91 97
16 84
5 1
46 87
48 29
60 73
50 60
44 9
34 87
44 8
7 22
58 38
99 9
89 9
62 14
57 95
28 9
37 9
90 21
93 14
15 10
48 31
77 10
78 38
70 84
35 95
88 76
50 60
51 44
38 98
12 89
10 68
19 38
74 96
68 90
40 31
70 43
49 58
62 54
13 23
70 61
87 86
12 30
65 67
7 58
27 21
94 25
88 63
50 10
2 71
78 73
59 10
57 32
72 37
43 35
34 52
81 15
2 18
99 2
38 7
70 95
2 28
63 0
58 48
57 25
63 51
49 22
14 56
81 28
51 16
84 33
56 63
94 51
61 76
52 28
21 44
36 48
31 8
27 33
41 39
92 56
65 86
60 81
98 13
57 60
24 80
15 8
50 78
71 37
83 89
71 42
89 31
6 40
49 14
50 85
94 1
17 60
9 17
19 17
99 90
83 76
43 38
88 55
86 59
2 81
12 57
99 61
66 98
23 39
28 18
73 89
17 67
18 21
35 65
71 83
91 13
34 20
95 49
73 2
4 96
79 35
30 2
92 16
78 64
27 91
65 99
71 93
89 84
45 21
0 46
30 94
45 8
89 31
68 59
64 18
11 13
5 30
89 39
9 86
30 82
46 81
5 41
19 47
24 89
83 25
69 1
34 39
74 95
74 64
23 75
24 55
99 4
16 24
76 79
39 77
5 3
98 22
78 68
4 95
57 97
37 3
47 67
29 12
91 26
37 38
4 53
40 7
95 91
40 84
1 54
37 11
97 63
36 59
72 99
40 7
48 33
51 72
25 55
75 70
5 30
46 10
64 20
18 7
29 10
74 91
4 62
0 49
55 3
96 11
22 31
25 26
19 70
50 60
53 72
76 14
31 92
7 76
24 17
92 30
30 16
86 68
95 48
55 36
70 8
94 28
30 42
16 50
12 5
4 98
39 50
40 99
30 62
17 87
52 67
64 43
47 21
48 36
11 98
83 68
67 69
25 77
5 22
24 27
71 55
21 40
75 11
58 63
76 74
34 4
68 69
65 59
95 53
83 92
10 70
64 92
40 80
6 55
33 32
48 86
50 78
63 3
83 58
11 90
43 6
71 68
71 15
46 34
26 36
49 13
73 36
39 22
98 45
32 23
71 82
18 84
47 18
84 34
91 81
5 87
23 52
25 99
3 34
87 73
25 4
41 89
50 64
13 86
46 26
61 64
59 39
74 87
63 81
2 0
33 98
21 94
60 31
19 19
17 63
38 76
30 32
19 70
13 14
70 94
88 4
24 75
70 56
67 67
85 28
83 8
69 15
5 15
19 8
76 98
92 36
82 96
78 97
62 55
48 61
16 35
48 69
61 71
71 29
84 33
93 97
63 47
36 17
68 81
76 54
17 32
61 6
20 32
75 60
48 88
65 49
51 98
29 39
80 26
20 78
95 76
95 49
86 52
25 75
21 23
29 17
84 36
61 87
88 40
96 77
54 93
31 63
61 14
85 96
43 28
83 53
34 51
84 44
72 96
74 88
32 89
39 31
85 70
21 23
93 72
99 33
89 25
37 30
41 27
26 55
73 71
75 66
96 75
23 30
6 12
97 42
5 70
96 39
68 89
60 80
75 42
76 98
45 51
83 43
33 91
45 52
91 62
29 44
64 55
50 72
55 28
30 97
91 61
8 49
18 10
23 68
96 13
22 16
75 53
85 10
1 86
67 59
76 55
89 11
59 38
15 94
12 38
6 4
16 41
14 8
79 16
31 80
54 10
32 9
98 62
16 29
24 69
30 27
51 16
26 98
14 87
37 52
55 94
54 35
38 84
24 10
3 75
67 63
20 60
18 17
29 4
68 89
11 37
85 50
89 6
82 68
77 86
86 31
47 20
21 52
31 87
87 21
19 94
75 11
99 58
60 51
31 87
33 95
51 28
22 52
51 92
39 74
37 60
93 67
44 59
26 89
92 32
75 31
36 85
95 84
23 50
75 80
90 2
21 16
81 38
25 9
46 82
8 43
69 30
83 89
42 33
28 66
68 65
1 34
57 67
16 51
60 51
9 42
27 54
92 57
75 66
47 83
12 87
49 79
16 92
32 0
40 40
28 29
18 6
58 28
35 90
55 56
50 85
64 73
18 13
18 68
70 85
12 92
33 5
15 92
86 12
51 62
33 70
93 8
93 80
83 46
41 79
66 17
77 44
40 71
54 99
73 57
8 37
43 96
65 36
16 60
80 56
97 28
26 47
3 5
42 76
47 7
61 13
66 40
44 80
6 78
16 80
39 50
4 52
13 17
5 10
16 3
39 41
1 82
76 93
28 10
44 26
71 94
18 17
93 63
99 20
95 89
79 7
46 58
39 93
22 77
68 55
48 95
21 11
31 13
60 24
24 33
64 18
61 58
24 92
84 27
63 1
31 85
43 65
32 80
85 29
3 61
2 78
55 91
3 39
73 10
64 64
57 68
38 23
79 44
47 55
84 66
99 37
64 95
83 52
31 30
41 25
41 11
20 78
62 84
5 51
38 87
97 88
57 84
77 57
26 45
11 19
70 27
96 4
50 79
31 88
84 82
11 67
33 41
61 81
67 87
40 80
0 27
39 91
83 32
96 62
61 78
16 89
12 15
86 61
45 34
77 38
71 48
92 4
61 75
76 99
55 38
92 41
50 51
98 75
31 83
78 11
41 92
89 82
51 59
78 79
21 33
1 71
81 76
94 17
94 15
36 20
48 30
13 30
80 22
10 69
50 93
51 43
80 88
55 81
2 7
24 13
18 81
20 38
91 76
87 19
18 28
67 13
65 71
51 56
93 58
50 72
99 88
92 23
45 79
32 4
90 43
7 86
9 99
75 77
80 69
68 70
84 64
10 68
20 58
99 87
35 86
72 17
13 78
66 18
68 64
56 1
97 32
50 5
2 34
30 40
66 61
56 23
87 97
9 55
39 90
73 28
52 8
80 65
8 91
77 10
84 32
27 84
49 89
59 0
56 95
98 50
68 44
12 97
70 89
14 10
98 96
9 23
79 1
15 21
0 39
51 27
98 88
84 65
20 69
82 85
28 7
2 80
89 20
80 67
47 77
24 44
97 88
90 80
39 37
73 76
59 2
47 0
72 9
98 38
57 90
1 50
46 99
47 56
32 52
62 90
59 96
40 82
50 49
98 23
86 31
44 74
80 43
80 45
44 20
97 74
44 71
42 73
0 15
27 88
33 36
6 45
47 13
54 20
1 31
88 70
55 9
82 5
80 42
86 72
62 96
13 42
73 9
13 60
68 41
51 23
23 4
28 5
59 94
57 13
70 91
88 30
52 11
92 19
27 63
0 17
52 93
57 60
56 61
68 6
60 71
0 27
17 46
59 33
72 94
75 86
17 48
25 32
57 6
50 71
84 35
63 99
7 97
9 67
52 74
95 87
87 87
4 85
23 60
9 1
47 76
28 66
38 58
76 78
62 41
40 85
87 70
53 2
0 2
50 21
22 19
30 73
58 72
44 33
77 30
64 32
7 45
15 49
82 27
44 15
26 15
23 49
40 96
46 85
28 19
0 25
12 66
91 66
3 39
83 16
8 19
7 77
35 19
24 79
90 36
55 40
58 73
27 31
42 21
91 12
69 95
99 68
55 73
47 64
15 93
18 58
22 2
58 4
5 15
68 62
69 2
89 24
27 27
64 18
36 22
23 10
80 71
96 6
1 8
99 48
23 16
61 77
16 10
46 20
32 68
42 1
79 54
27 65
98 4
69 86
79 52
89 53
4 60
80 57
75 92
0 1
88 75
40 7
10 5
4 17
51 68
11 60
55 42
25 62
83 18
71 92
46 84
10 68
16 47
19 22
57 62
88 41
23 53
27 55
12 83
86 39
16 30
17 41
45 70
19 18
31 66
76 89
51 67
60 67
83 21
38 37
83 73
52 87
37 15
95 81
4 96
12 83
29 77
17 6
83 46
47 67
32 48
92 70
95 18
72 7
56 23
16 44
80 11
16 49
11 85
95 2
53 1
38 10
92 63
41 1
78 69
1 24
54 16
63 31
45 31
74 71
82 27
4 90
19 37
58 41
89 60
58 18
47 39
49 0
85 9
75 28
31 31
1 59
97 45
40 69
25 14
40 73
46 43
77 46
94 56
42 18
0 42
26 74
55 29
80 14
65 69
76 20
83 48
97 3
82 28
69 93
48 55
74 96
37 42
6 65
31 12
85 41
6 97
4 32
18 97
57 93
97 21
1 61
75 20
94 73
54 99
10 70
59 6
20 45
32 11
52 43
14 5
44 68
68 38
40 79
57 24
72 78
1 82
72 15
48 8
4 19
16 81
73 90
12 96
87 33
16 32
92 27
42 32
26 65
48 39
27 55
7 20
71 53
35 47
57 89
56 40
18 5
90 54
91 56
69 66
14 83
18 83
63 33
10 61
33 44
24 61
32 8
86 26
75 17
92 57
82 19
10 44
9 11
0 54
7 7
21 37
43 67
79 65
37 94
12 20
17 29
41 21
52 76
73 37
28 79
32 89
64 81
46 5
57 53
78 95
88 53
40 91
34 61
37 56
19 36
74 17
72 46
77 66
89 84
27 51
62 74
27 68
75 26
17 39
0 41
97 12
73 47
53 87
91 24
47 90
67 75
7 84
48 32
41 89
56 83
15 47
92 16
45 12
21 39
12 10
8 52
34 39
31 72
38 96
20 13
15 59
38 39
87 44
86 79
96 62
5 97
83 79
36 60
50 91
57 27
97 50
85 31
48 0
60 63
50 65
12 7
66 38
67 16
62 5
85 93
1 91
80 5
34 8
60 0
27 26
17 30
83 23
93 20
90 31
95 45
71 2
49 72
34 43
57 29
81 81
85 87
83 5
96 46
44 45
45 93
34 97
80 54
20 1
6 6
38 30
58 4
80 93
36 38
74 6
4 35
49 30
82 92
35 64
43 48
99 31
84 97
83 86
48 33
15 73
79 98
53 27
14 74
59 31
58 10
3 75
47 43
8 29
70 96
32 90
15 82
53 31
99 45
38 44
62 18
71 75
57 31
65 77
73 57
6 87
61 98
64 49
36 68
40 60
98 11
83 30
63 42
17 65
86 40
45 77
34 79
58 43
91 88
77 89
96 63
97 92
57 79
17 24
33 0
3 36
59 57
98 38
71 47
69 53
83 75
80 67
4 52
5 99
96 55
3 64
44 81
49 50
61 71
52 74
32 6
76 40
9 79
82 84
67 74
92 93
69 75
32 6
32 88
18 56
24 95
23 75
40 64
24 75
43 52
29 54
8 48
51 93
96 83
61 89
41 12
34 58
77 73
99 68
1 50
22 44
65 51
68 57
60 53
54 55
10 80
43 26
86 37
30 53
30 3
24 83
10 37
95 22
40 99
19 92
55 13
29 72
68 70
27 31
51 15
84 38
16 63
12 14
45 0
56 24
67 88
94 92
87 22
40 9
64 2
20 6
60 9
29 7
1 55
84 52
71 9
56 44
91 31
94 80
33 85
71 9
25 18
26 41
90 63
30 69
18 98
99 58
85 79
10 76
15 45
69 78
56 82
95 3
98 49
25 29
19 78
97 72
19 36
26 96
71 35
92 76
56 36
22 90
16 67
2 4
55 9
49 69
9 81
47 15
16 50
83 34
63 55
36 35
25 22
96 15
65 70
97 56
56 95
52 21
88 24
40 64
77 80
31 6
19 99
14 41
44 88
80 91
17 52
5 95
72 73
9 40
72 61
76 32
99 3
2 67
46 48
60 63
6 99
99 39
99 40
39 11
38 28
72 96
41 67
88 67
46 20
98 99
63 96
57 1
53 83
9 81
32 41
15 43
5 98
70 61
56 10
0 66
62 44
4 49
56 80
20 53
37 70
83 46
1 6
23 36
98 22
40 15
88 98
21 15
78 98
77 0
77 36
33 15
71 59
72 79
15 3
88 38
97 63
15 13
4 47
2 6
68 69
17 15
1 15
21 13
98 32
79 42
52 6
83 25
23 0
11 0
0 51
62 2
31 66
44 3
16 8
75 30
24 49
69 32
54 28
77 79
54 4
94 80
8 39
80 35
2 81
13 87
42 43
55 72
6 86
19 93
15 33
16 48
43 15
8 66
14 69
93 62
27 59
55 84
79 71
31 89
83 9
62 79
72 23
95 81
93 8
5 68
38 82
52 25
39 12
33 27
43 55
51 58
93 85
97 96
95 79
51 0
8 18
4 8
93 8
37 71
26 56
32 83
40 7
46 72
9 78
58 31
33 98
86 56
44 43
63 54
3 18
8 40
95 26
32 51
74 65
90 5
97 88
65 46
68 58
15 96
2 57
61 10
64 41
70 28
43 14
37 37
2 89
0 48
71 17
2 6
76 1
73 11
58 4
97 26
63 11
60 77
9 50
61 56
88 18
38 29
98 78
4 39
12 31
50 69
25 51
76 98
98 97
94 55
71 89
74 89
98 23
33 67
90 83
24 84
43 37
25 29
62 14
31 61
64 40
32 16
94 93
80 6
50 46
59 27
62 72
38 54
19 13
20 14
11 0
87 24
85 96
36 73
56 26
77 38
19 7
21 58
66 73
97 15
47 33
96 67
13 20
99 80
33 62
51 9
16 86
10 35
47 17
40 56
27 97
27 81
6 88
65 32
17 67
85 94
37 29
16 5
74 50
31 76
8 48
43 68
22 12
54 46
26 2
83 32
14 60
48 52
88 94
85 78
60 7
8 98
44 18
89 28
2 63
90 30
3 96
52 23
38 2
82 22
92 26
35 45
55 4
75 58
57 11
99 6
33 8
10 98
42 40
52 76
22 17
63 73
18 59
68 55
7 31
88 53
23 42
59 87
11 0
15 74
44 36
70 76
4 33
99 32
54 69
39 59
18 8
41 62
78 24
22 36
79 43
47 69
65 17
96 73
15 48
86 90
66 50
80 18
2 71
60 85
69 10
32 2
42 86
7 87
33 38
23 10
1 96
93 83
15 98
93 52
50 58
72 82
88 8
31 64
75 44
1 87
95 20
48 11
56 96
63 7
87 66
20 89
42 37
21 55
35 91
36 38
47 50
4 7
18 52
67 12
69 42
12 48
31 58
38 69
93 38
76 10
53 67
89 78
29 88
14 78
81 76
25 63
11 79
74 26
18 60
21 14
38 79
57 3
58 58
22 54
43 59
45 94
30 1
41 28
25 74
95 3
70 40
61 59
74 86
65 53
50 7
94 86
75 74
87 99
71 25
41 80
71 66
0 78
7 57
65 6
16 65
3 68
59 39
71 65
66 77
8 22
38 59
50 46
68 65
81 87
18 63
37 68
51 63
20 36
94 8
81 98
37 43
99 73
55 85
41 58
20 22
68 87
64 90
41 78
80 32
10 59
77 19
61 39
29 17
83 56
71 89
35 31
9 5
87 64
57 52
92 9
95 81
51 41
79 25
57 17
61 63
27 96
51 55
1 32
14 45
32 25
71 5
4 26
14 74
71 52
5 18
67 60
25 57
38 65
47 5
97 63
72 30
81 48
94 52
37 49
87 29
75 36
82 56
36 70
86 49
30 50
74 20
55 36
1 71
42 98
11 77
70 17
50 1
56 35
54 28
22 18
44 55
1 23
74 95
8 19
33 76
20 43
79 43
26 74
61 65
92 35
82 18
22 42
85 72
36 76
46 86
89 96
54 76
31 21
54 3
16 18
78 38
2 74
12 31
3 75
27 24
44 48
60 69
78 53
26 21
97 42
52 92
76 79
48 99
87 49
47 0
86 53
31 80
92 59
1 18
57 91
47 32
7 29
69 6
20 28
15 96
16 33
43 67
87 48
36 3
84 20
94 67
9 27
80 52
40 34
94 95
19 26
73 47
11 69
25 32
88 45
45 16
17 82
23 16
67 38
40 75
58 74
87 7
0 60
15 80
34 11
70 91
26 71
64 0
81 48
33 93
99 44
36 11
30 81
5 72
13 34
59 74
5 37
18 18
93 8
69 59
21 75
76 85
88 56
8 25
53 60
92 18
99 14
50 72
85 36
7 69
97 84
58 19
56 7
58 4
40 22
85 73
64 97
81 43
84 34
73 6
2 58
47 90
38 7
15 39
22 44
73 44
30 46
80 4
70 61
64 0
60 14
17 44
19 74
67 78
71 87
85 58
2 27
49 35
64 73
86 7
37 94
24 55
32 57
83 39
59 90
4 26
91 61
43 98
33 97
36 33
37 53
27 24
12 79
46 39
54 24
26 57
38 97
26 36
46 24
5 8
28 57
13 71
81 32
11 61
77 36
43 95
62 87
64 3
79 75
2 92
55 18
12 14
43 40
91 61
63 43
50 63
50 84
68 90
0 31
11 80
92 61
60 31
11 40
92 2
75 73
37 52
66 76
68 33
89 60
95 52
80 44
2 36
63 58
97 43
71 77
65 65
71 79
59 44
57 62
18 13
56 98
93 38
30 16
21 1
72 51
33 92
77 60
64 76
84 66
4 40
39 3
49 66
57 0
20 63
17 40
57 9
41 40
24 49
62 17
82 72
16 86
82 84
26 17
20 15
62 54
22 25
53 79
36 58
74 29
71 54
23 47
56 77
25 72
13 2
96 3
53 28
57 79
5 15
19 55
21 57
46 13
96 83
77 64
67 70
75 77
40 52
15 24
51 67
9 2
14 2
62 58
60 56
61 52
72 59
23 72
2 90
81 84
81 63
27 77
42 25
23 8
47 25
58 91
35 66
62 42
18 34
80 64
10 56
62 48
4 98
60 89
16 27
27 95
73 37
36 0
43 11
90 97
11 58
83 73
63 2
99 1
41 77
88 61
70 79
26 51
50 72
14 48
1 66
9 23
65 77
33 4
74 79
85 26
85 62
59 57
75 67
94 14
46 48
89 34
75 78
44 42
82 50
59 28
64 84
82 70
23 62
64 93
36 57
7 97
15 15
80 73
51 74
11 83
76 69
26 27
62 94
43 79
18 31
18 88
98 46
33 79
88 6
19 84
16 0
21 71
27 17
88 3
79 27
62 50
29 58
79 80
24 65
25 95
68 64
36 38
15 47
98 65
9 11
99 4
7 60
61 38
34 79
13 7
63 26
94 92
44 48
91 90
92 53
37 31
8 99
92 28
14 74
8 77
94 47
2 18
56 76
54 2
75 31
40 81
43 92
91 49
16 24
18 99
44 6
53 83
78 57
27 71
66 95
61 78
87 60
32 74
28 0
77 98
69 61
2 40
50 20
13 61
41 95
98 5
33 41
94 87
1 30
98 85
28 73
17 57
76 96
39 80
4 41
31 34
8 73
1 21
76 52
50 47
80 86
55 2
47 49
67 16
34 7
59 59
81 6
19 60
18 59
77 4
1 29
43 55
56 73
47 16
80 80
10 0
49 49
21 39
90 28
26 8
39 15
67 50
93 88
39 54
94 88
92 99
10 18
93 35
95 81
24 27
12 74
23 5
38 12
84 10
88 40
66 22
79 99
12 1
5 1
49 8
87 64
33 52
74 3
69 87
78 66
89 45
60 30
75 89
50 41
63 63
19 97
35 17
43 17
68 81
48 25
16 1
86 37
88 59
75 62
38 11
15 6
84 61
30 49
69 94
68 34
7 41
76 64
73 49
91 63
82 57
78 82
24 58
15 82
49 23
56 31
55 54
85 72
83 93
44 37
7 70
45 37
19 40
40 95
79 2
28 16
70 87
40 95
18 10
87 79
93 82
68 95
86 3
67 44
53 42
66 32
96 96
21 88
5 2
95 87
99 42
0 13
52 38
54 77
76 74
79 13
95 57
33 11
61 97
6 43
57 76
53 52
83 31
65 81
45 21
54 67
40 95
18 48
8 27
32 48
6 67
43 9
69 25
44 51
48 71
90 89
60 31
29 78
16 83
40 59
98 82
18 96
12 47
3 92
55 94
13 72
64 36
24 85
22 23
81 73
63 19
67 92
81 47
89 48
22 5
92 32
20 27
57 1
87 73
62 45
52 93
26 20
2 21
26 27
47 66
57 15
87 88
76 61
57 21
20 88
19 18
72 17
15 37
19 37
98 91
81 8
36 9
79 60
37 36
81 0
29 6
86 17
27 87
7 37
34 89
53 62
50 55
70 7
12 47
58 66
44 39
52 78
70 5
72 71
50 78
55 73
88 96
78 63
87 32
88 56
87 31
41 47
36 38
88 61
58 85
94 62
34 78
14 76
25 87
35 80
3 64
79 74
32 1
57 55
73 11
92 35
64 5
56 36
67 68
23 21
48 28
92 51
51 20
33 94
91 0
90 27
86 87
1 71
51 11
7 5
18 73
73 82
49 96
18 64
3 50
94 57
67 96
73 62
44 80
93 63
98 46
39 53
90 2
66 75
24 1
41 55
37 44
29 29
59 7
41 59
13 42
71 28
73 61
39 12
37 55
24 59
77 25
80 16
99 33
15 68
58 0
93 23
1 67
80 0
60 56
13 16
29 19
50 80
86 83
37 13
73 25
43 21
41 7
39 28
16 10
21 63
46 90
41 74
41 68
86 86
11 11
93 3
32 79
42 59
21 75
35 5
77 83
32 0
85 23
40 16
3 26
34 76
57 37
47 12
74 44
75 67
28 47
38 83
59 57
85 55
29 89
33 14
48 88
32 33
20 85
88 18
55 23
69 36
48 33
30 5
55 83
5 37
81 23
56 69
38 77
93 67
78 27
92 33
67 39
67 41
30 28
84 90
95 96
2 11
94 74
57 24
56 0
54 74
10 92
75 95
43 18
12 96
45 82
91 29
45 83
91 52
45 80
62 47
96 36
1 65
58 63
65 17
66 4
19 18
66 30
51 24
81 16
22 64
48 95
11 81
81 40
58 49
56 54
53 28
26 79
82 35
72 27
5 3
17 88
62 87
81 92
87 68
99 84
44 50
86 46
38 28
55 55
24 42
35 68
73 83
18 97
85 38
48 77
8 92
40 44
64 11
61 94
89 44
14 56
85 64
20 63
99 61
42 78
67 70
98 86
34 89
66 7
76 98
19 71
84 30
38 7
10 90
1 17
38 46
79 60
7 33
68 65
14 25
49 65
32 19
82 89
85 84
48 0
82 0
95 23
36 69
91 12
0 85
30 40
90 51
57 17
12 22
31 17
83 52
85 9
8 73
50 68
74 39
67 4
36 73
55 26
9 62
81 94
83 22
78 95
4 42
36 61
61 74
41 23
89 21
44 88
21 89
21 42
33 37
29 69
64 91
52 95
58 83
45 96
21 36
68 48
92 59
61 82
19 76
34 33
29 38
24 46
61 90
27 99
95 96
31 73
83 3
56 52
39 73
52 15
66 22
35 4
93 78
89 4
12 53
52 86
75 45
66 96
22 93
92 71
32 98
88 57
31 90
10 16
33 7
6 61
77 28
68 41
74 10
77 77
28 85
63 68
53 51
18 48
85 54
35 19
14 65
75 85
21 39
21 37
87 94
69 53
50 63
76 61
57 28
87 0
27 46
12 99
48 91
22 57
5 44
6 59
1 34
0 29
20 54
66 37
84 92
20 34
83 33
84 78
68 17
20 68
84 74
97 50
39 10
35 9
39 43
34 1
53 83
97 74
52 80
35 90
39 55
25 4
55 1
49 16
12 54
76 43
53 61
62 74
56 65
60 17
93 69
14 18
70 61
50 57
27 61
88 21
13 4
44 97
40 73
2 46
75 4
35 49
63 71
28 71
57 64
18 53
93 19
4 41
57 58
39 24
95 15
39 29
66 23
56 61
41 10
17 39
48 51
67 99
28 81
37 78
41 19
34 98
83 49
66 77
4 89
7 11
22 45
77 38
18 73
9 79
48 59
1 47
80 46
62 34
94 48
27 77
74 30
53 21
46 68
11 51
10 10
59 60
97 61
91 71
47 46
3 7
25 21
16 11
49 86
95 0
1 2
32 31
50 94
76 83
55 62
85 77
12 57
81 46
59 42
40 53
7 26
86 43
20 32
19 90
69 11
3 45
76 63
5 53
71 36
30 62
41 43
72 48
51 10
87 42
52 9
34 28
75 91
83 11
98 71
29 18
7 37
93 35
46 80
68 88
55 65
54 10
92 20
25 58
64 80
92 97
0 31
49 19
15 30
51 81
2 3
21 84
43 99
83 7
85 1
84 24
63 59
14 26
79 1
21 43
89 24
1 52
15 57
61 92
79 87
51 8
39 34
44 38
38 36
52 37
75 64
59 35
63 73
43 62
95 12
41 51
10 84
38 66
23 68
10 65
19 33
54 0
86 98
63 24
38 84
25 35
0 12
61 37
7 69
6 51
38 47
75 35
17 50
86 84
19 57
82 26
38 62
66 1
30 67
26 33
97 9
86 73
60 40
75 78
39 74
89 58
97 43
53 70
93 50
58 15
43 34
27 88
55 6
80 16
24 91
58 86
33 54
6 26
12 55
71 53
25 65
12 58
85 75
0 99
29 62
98 41
88 55
88 59
98 87
56 43
75 51
77 40
95 17
3 43
40 73
9 36
14 73
73 40
80 79
15 99
63 53
97 54
25 74
69 45
30 80
18 44
49 52
40 16
71 52
26 48
42 34
57 44
15 20
7 36
97 3
76 77
39 46
39 16
57 27
17 73
84 15
87 32
11 28
7 60
12 95
64 59
46 46
44 25
6 70
79 70
89 79
73 86
98 4
74 37
99 33
35 41
42 91
26 88
82 82
34 19
76 16
78 34
54 46
33 73
66 20
99 39
69 21
61 70
91 46
11 90
82 24
20 93
19 24
24 0
27 45
95 51
15 94
56 44
7 99
16 58
33 98
59 15
52 46
39 33
14 88
44 44
80 1
20 19
93 17
93 31
59 59
17 53
64 19
5 70
76 12
47 95
80 4
99 72
35 27
59 28
75 2
92 21
62 12
25 81
39 53
0 5
79 93
57 17
74 20
50 21
75 74
81 28
29 62
97 40
89 60
51 84
82 9
70 81
76 55
78 57
5 19
12 27
35 73
85 15
60 13
74 85
10 26
54 42
79 5
83 83
83 68
85 40
50 89
91 32
47 10
7 23
6 47
80 20
5 47
12 0
75 79
72 0
34 52
79 1
61 83
77 0
33 21
43 20
46 25
81 64
11 94
91 49
38 86
37 91
8 70
21 38
15 65
37 46
50 93
74 12
26 92
58 54
71 83
31 24
49 62
26 6
63 35
47 24
28 95
28 24
40 11
46 67
39 12
66 72
18 94
4 9
44 37
48 26
44 90
5 47
37 96
43 13
38 84
36 5
0 68
57 90
31 92
56 75
23 2
96 41
0 66
62 66
42 9
30 92
38 41
29 21
2 90
78 72
17 38
5 93
71 72
71 94
33 50
79 6
35 38
61 1
26 82
65 36
55 95
87 22
22 30
54 86
88 15
22 40
53 99
45 33
69 24
55 33
28 19
40 93
33 46
73 79
85 92
74 13
15 13
66 17
26 84
22 80
51 6
64 99
23 49
79 38
77 80
65 94
63 41
31 13
94 97
35 9
39 63
52 15
51 66
68 51
29 45
98 64
51 58
52 43
11 58
74 37
5 59
77 62
10 5
2 65
65 62
71 72
69 50
29 2
23 24
63 57
92 64
24 56
62 37
99 85
10 12
75 55
78 86
63 67
52 5
84 83
32 86
84 73
34 83
6 11
81 34
28 25
97 24
0 7
12 20
97 92
46 69
69 5
65 64
96 43
90 25
22 58
28 91
42 32
71 90
77 15
45 52
13 34
24 88
88 92
44 54
65 47
40 33
71 19
13 67
76 24
83 53
53 2
56 3
84 11
1 33
79 17
8 1
29 1
48 76
44 28
5 53
20 26
80 67
32 96
22 59
80 55
1 11
90 23
36 99
53 57
79 79
65 55
77 51
65 59
59 56
72 17
62 6
72 15
27 14
81 74
40 45
42 35
16 23
48 36
87 87
57 74
56 88
4 44
19 29
26 65
11 76
3 18
33 15
47 38
43 57
84 36
79 32
54 83
7 94
77 89
20 8
49 24
70 34
3 37
50 50
97 19
95 3
4 34
56 63
28 19
47 97
26 26
59 33
92 23
0 24
40 23
72 59
38 40
61 45
57 10
40 77
33 27
33 3
3 38
75 1
33 66
88 55
32 6
81 79
70 6
24 45
97 51
47 45
21 80
18 70
25 79
44 99
74 70
7 36
49 9
53 59
3 80
56 4
93 28
20 72
14 48
95 76
28 64
1 59
42 97
36 70
25 32
59 43
86 12
98 81
87 8
10 90
28 88
4 23
36 33
39 48
68 92
31 14
74 62
33 78
73 33
16 36
62 93
4 6
22 26
66 81
71 64
85 28
92 3
7 77
5 77
41 75
18 4
81 45
5 10
21 93
25 42
76 32
73 13
32 8
14 47
42 20
85 98
27 83
42 9
37 19
74 81
35 74
46 83
89 75
10 21
62 58
82 38
92 58
3 76
54 81
87 51
53 18
3 65
4 49
86 66
66 21
84 3
28 62
5 5
77 94
19 58
55 68
56 66
66 46
5 40
5 71
98 54
68 57
73 20
45 46
11 52
99 29
5 41
48 25
23 88
55 61
45 68
98 59
71 96
17 76
60 99
16 74
2 47
72 25
12 16
98 83
32 11
23 41
19 55
84 9
29 80
56 14
46 36
14 35
75 47
96 16
33 68
29 93
41 41
63 94
45 17
24 46
62 49
88 13
37 21
61 42
4 76
97 7
27 70
2 19
69 34
30 91
37 99
23 18
56 50
70 15
59 47
5 15
5 33
12 85
31 99
28 79
62 59
61 69
50 1
13 30
66 40
82 72
42 13
73 37
32 91
10 43
77 54
84 98
79 32
5 41
96 39
83 74
48 64
11 92
79 17
50 82
78 7
48 99
93 68
34 67
56 14
49 82
72 7
29 97
65 73
26 83
37 2
11 71
66 68
21 38
49 20
91 14
18 67
71 14
58 42
42 10
13 54
9 63
91 10
20 99
70 25
63 39
82 11
61 26
32 7
38 79
58 6
44 37
39 79
83 35
7 47
53 38
94 7
83 37
10 50
60 85
31 9
32 91
17 27
31 54
51 15
65 53
85 70
19 13
91 9
68 47
7 65
92 0
42 37
89 3
19 65
16 73
31 30
10 27
46 44
97 96
17 90
75 53
29 38
31 57
1 20
58 15
47 13
41 53
12 99
35 50
23 33
81 81
43 42
86 26
80 21
48 15
44 85
39 37
83 22
23 60
84 97
45 29
88 25
43 20
63 96
24 39
74 95
63 12
9 23
40 58
47 24
62 15
15 21
94 65
23 3
19 44
79 93
23 72
33 71
34 76
70 53
70 91
25 99
94 74
27 93
49 14
29 8
99 90
57 29
21 54
24 35
97 35
0 0
57 8
33 87
0 49
66 23
49 20
12 62
73 13
76 41
12 61
22 10
16 90
50 16
58 71
7 75
91 67
26 47
69 2
3 45
59 57
6 14
72 71
56 71
27 81
61 89
4 23
25 77
16 15
48 53
37 39
4 44
15 5
8 18
59 61
78 32
65 67
56 41
77 4
97 99
96 22
84 73
60 81
50 19
17 41
31 93
36 74
50 2
18 1
98 4
45 0
79 68
45 72
9 4
60 82
46 45
52 86
41 56
70 8
57 76
42 58
88 10
75 45
4 56
53 65
14 71
24 37
22 43
52 4
20 92
13 1
69 9
32 71
40 55
15 20
18 25
42 45
11 64
17 61
86 93
82 71
16 56
72 4
33 74
46 63
79 9
3 36
87 78
5 83
49 8
17 53
2 99
41 64
29 93
6 82
53 33
0 79
23 91
53 96
0 0
4 74
90 28
68 14
9 50
53 24
65 53
18 75
87 41
1 78
56 24
27 50
82 12
84 91
36 48
62 33
50 87
50 76
95 70
37 11
89 75
94 13
12 39
85 7
97 77
21 97
69 19
91 56
96 88
74 21
5 12
94 53
43 69
11 19
8 3
79 77
3 27
13 14
62 60
35 83
59 15
52 49
10 39
45 22
1 70
65 4
9 76
31 30
99 11
99 7
82 75
77 84
55 89
24 8
77 13
95 27
97 72
45 75
13 29
5 13
57 76
41 15
64 62
59 15
46 93
19 48
95 61
22 98
8 83
64 81
84 84
73 58
37 21
16 48
59 41
18 70
70 12
19 24
55 70
13 1
93 23
1 40
71 48
38 77
40 3
2 33
68 55
68 20
48 66
47 17
46 69
46 76
7 79
27 73
97 50
37 20
32 79
54 78
13 30
26 98
21 90
77 20
95 39
96 34
99 44
96 81
0 17
76 36
44 7
7 76
19 93
80 56
58 63
50 87
72 41
44 99
22 23
61 20
56 40
41 81
48 48
50 79
93 88
56 90
29 4
36 43
68 60
10 86
20 95
30 76
34 8
93 55
40 39
50 16
39 36
40 4
56 78
88 14
3 99
51 50
75 44
78 36
45 23
56 50
96 23
37 28
35 25
50 79
61 73
73 15
24 86
80 37
15 11
80 97
87 24
33 57
81 68
62 41
65 41
71 41
90 57
70 98
2 59
9 39
33 30
31 84
4 71
30 61
21 10
1 14
81 56
87 72
72 19
79 73
37 52
28 24
55 38
69 54
16 78
55 14
73 77
63 15
32 44
96 83
51 38
80 26
33 98
49 81
67 92
10 97
73 97
34 72
47 18
19 29
2 1
63 59
0 63
28 14
90 21
94 40
78 15
67 86
50 81
61 35
71 23
74 87
24 69
70 43
91 79
84 6
43 79
17 8
87 59
25 13
84 87
62 27
7 92
29 84
77 2
62 8
96 88
7 95
35 78
58 61
87 63
61 25
23 95
61 97
43 31
26 10
70 30
80 56
39 47
65 18
98 88
93 83
0 39
59 55
29 56
52 41
32 41
65 17
85 95
68 10
17 28
42 32
93 2
30 28
52 13
56 88
66 90
36 65
54 55
21 11
19 70
55 26
66 96
32 56
26 37
41 55
29 6
6 27
62 1
70 46
19 25
29 17
52 96
69 11
41 27
76 65
33 76
58 57
49 36
56 50
10 75
32 58
25 68
94 72
44 81
42 37
36 99
55 96
22 71
55 0
66 64
74 56
83 86
9 64
59 31
40 41
8 52
92 90
56 34
55 17
87 86
97 11
94 28
66 54
40 24
49 8
3 19
31 60
40 65
2 81
17 79
81 42
59 39
40 15
85 33
80 46
64 11
51 39
56 7
1 52
97 96
37 27
62 52
58 17
45 56
93 90
34 86
76 92
67 79
65 60
18 23
87 66
43 80
61 55
73 84
73 3
60 79
90 95
80 6
8 81
42 23
43 88
85 85
54 42
7 69
44 15
54 33
32 23
84 64
31 92
20 34
67 20
49 53
52 61
42 13
53 96
39 21
81 78
10 68
32 56
70 64
92 59
73 34
54 37
62 7
41 27
58 61
52 81
42 50
53 69
20 29
85 0
88 0
0 85
36 54
99 52
28 0
33 2
32 30
30 69
9 89
99 68
18 16
36 28
0 51
36 65
44 85
40 50
93 19
67 0
26 70
19 52
18 51
0 64
5 75
66 8
85 11
18 57
14 56
25 87
18 95
26 39
91 73
50 71
46 95
69 47
56 67
65 69
63 8
52 68
30 21
14 85
77 2
24 95
81 11
23 10
5 20
8 83
8 46
17 36
83 77
78 70
9 56
76 14
8 75
27 68
94 84
4 14
18 52
82 4
32 89
49 48
83 32
39 73
47 55
16 63
69 39
39 59
1 70
39 26
85 4
12 95
36 37
9 52
31 76
49 97
51 97
83 44
17 92
84 86
41 99
17 45
6 3
90 82
33 54
93 31
3 46
39 29
78 28
34 90
4 91
54 91
96 91
33 54
65 32
74 32
91 13
39 0
65 88
4 59
60 72
65 28
64 25
9 98
79 27
30 66
81 32
1 31
44 55
32 92
55 98
93 13
85 67
21 48
45 77
48 50
93 48
22 89
98 46
42 3
18 89
28 6
88 82
98 48
47 95
55 1
87 9
85 14
43 1
27 10
56 16
83 75
21 29
57 99
33 21
42 63
97 52
6 84
72 31
10 34
20 67
62 46
64 56
94 8
81 80
72 36
30 38
74 52
62 68
93 9
82 18
2 90
70 55
74 14
79 63
39 52
51 26
72 33
36 9
16 96
5 76
66 56
49 4
34 68
37 39
16 19
55 46
22 88
1 76
89 61
46 62
24 60
41 1
54 60
86 63
91 63
32 71
97 56
8 79
89 68
65 76
32 89
4 53
59 72
42 10
94 84
22 48
76 68
62 95
44 80
25 1
9 69
27 90
26 82
97 28
69 72
93 31
46 65
84 55
95 23
40 54
76 93
13 35
25 19
45 6
95 0
23 85
48 57
74 58
16 59
8 35
26 19
39 65
73 44
43 87
39 55
66 30
60 45
55 15
2 89
90 84
41 0
61 70
28 87
70 80
81 52
70 54
70 33
69 56
68 52
37 85
50 14
69 25
19 54
9 70
42 22
6 98
95 77
5 46
4 0
39 46
61 33
5 75
44 14
98 42
80 51
69 86
77 6
59 64
11 30
82 0
13 77
66 42
65 18
10 3
68 1
78 61
25 91
16 26
5 54
8 77
37 73
54 54
42 40
12 1
45 43
72 89
70 17
1 56
1 92
50 22
90 70
20 6
92 50
88 91
49 82
4 23
53 80
10 38
27 1
95 35
65 11
37 83
32 4
6 74
63 71
64 86
75 0
34 13
87 27
29 58
43 29
80 59
57 42
69 45
3 54
29 59
67 16
96 5
85 35
78 6
14 76
37 27
46 55
36 74
11 3
22 90
2 21
27 22
53 45
20 47
76 58
63 23
36 42
46 84
15 92
78 29
42 44
3 88
59 56
36 73
45 28
14 22
71 92
49 64
97 30
70 3
59 25
83 31
5 36
8 15
58 25
18 18
2 27
68 10
33 93
1 38
76 47
18 83
44 31
16 43
11 39
39 19
68 82
38 58
50 1
97 48
77 53
69 93
86 11
65 55
12 60
54 27
44 47
52 42
6 48
36 35
8 10
68 20
47 78
1 95
97 7
23 88
70 97
2 93
19 58
31 40
51 15
86 29
22 40
95 80
0 62
58 68
50 75
65 56
11 3
44 13
63 29
3 40
97 32
46 80
72 79
8 4
21 67
2 99
11 58
68 84
16 22
90 90
33 97
64 29
25 37
46 64
18 15
17 57
32 65
78 56
17 29
70 98
53 83
86 12
72 85
47 74
8 48
50 51
92 27
16 45
97 21
22 91
73 70
70 34
43 45
29 22
84 26
78 4
86 30
98 44
69 2
93 44
33 96
45 16
31 86
9 93
98 59
78 78
93 73
92 10
96 84
25 44
65 95
51 70
63 31
88 77
53 68
11 38
21 52
62 5
82 73
97 47
15 39
92 17
36 14
58 5
82 21
48 58
29 41
74 78
33 50
37 34
55 21
32 42
65 49
96 53
86 95
76 96
21 82
20 97
14 58
36 79
72 92
19 96
65 41
22 34
90 6
31 29
16 2
26 10
34 5
0 96
99 31
64 92
72 14
22 30
83 34
53 16
97 42
15 30
54 66
13 85
32 7
47 53
34 7
30 8
19 97
56 88
25 5
22 35
27 63
25 86
56 51
96 32
46 50
0 50
62 27
84 54
45 10
77 78
44 64
8 87
94 47
77 32
73 4
90 67
0 86
93 71
37 31
28 12
3 85
89 65
60 39
96 14
13 8
64 87
15 34
36 79
11 39
27 47
35 1
54 8
31 16
42 11
91 81
38 64
92 85
35 25
66 25
56 69
53 39
75 31
75 37
7 17
14 66
74 52
99 19
33 5
81 30
63 77
25 72
10 9
63 61
38 73
18 28
74 76
77 23
90 12
66 4
69 85
83 91
61 82
76 10
96 8
56 55
80 26
6 63
17 87
89 28
84 17
65 63
37 83
74 22
24 83
14 52
78 86
95 43
8 21
57 66
0 78
56 87
33 69
96 31
45 88
2 56
7 34
86 79
14 93
20 27
65 87
33 87
85 41
19 30
32 66
98 47
54 11
42 38
76 65
17 40
37 19
39 55
70 90
39 63
77 56
14 66
44 5
48 27
43 10
34 86
98 15
22 42
11 89
41 11
15 41
36 28
65 80
25 73
84 91
24 51
62 86
38 43
28 44
50 59
41 38
63 34
94 80
56 50
80 65
63 99
57 33
83 21
24 78
77 29
38 62
80 82
37 97
43 94
36 37
65 9
60 26
46 78
27 19
84 88
67 58
48 6
95 57
83 73
53 59
31 69
66 39
6 60
12 72
54 78
84 79
59 48
61 31
28 22
52 4
28 23
39 87
43 97
9 98
26 27
85 69
94 40
27 1
3 55
60 50
10 85
51 79
64 13
88 83
77 11
15 8
59 32
14 17
95 70
99 34
46 5
9 36
27 0
22 14
42 19
70 47
22 70
71 42
25 66
4 34
20 96
28 11
26 79
76 46
74 53
40 76
42 25
76 79
46 45
29 11
64 33
30 90
59 15
54 78
78 63
49 31
17 31
74 46
12 29
12 98
23 31
61 38
14 33
13 44
49 61
62 88
90 76
21 85
54 19
24 28
49 59
24 8
47 82
23 53
17 76
79 59
27 90
49 29
22 73
71 62
73 8
60 28
75 23
47 9
44 1
91 23
83 33
98 14
23 77
85 73
64 3
94 25
14 92
84 73
79 74
96 33
71 21
99 55
71 59
90 21
27 39
42 66
88 41
42 52
37 67
83 56
33 61
47 81
72 74
88 51
60 61
22 35
15 43
25 5
22 32
83 8
46 34
56 34
17 89
87 58
24 22
54 97
14 83
40 4
3 70
10 71
46 97
98 58
26 73
19 26
85 14
14 46
2 90
51 14
64 38
7 93
55 44
68 5
92 10
53 92
90 59
29 60
78 48
27 65
26 53
80 6
75 5
54 90
85 29
50 52
95 28
30 65
48 13
84 82
52 50
34 14
97 37
85 83
52 65
41 72
18 66
41 16
30 45
5 95
39 23
73 43
89 28
65 77
17 50
16 41
10 66
11 91
91 18
32 86
31 5
97 62
89 71
2 94
10 66
82 48
42 58
55 30
25 17
69 99
29 12
39 41
74 74
36 97
88 57
21 68
81 68
93 14
40 51
90 36
13 56
12 41
16 17
89 36
72 80
22 62
5 8
7 49
20 84
45 87
29 95
5 69
34 57
19 67
35 0
51 26
20 59
63 56
67 95
94 22
22 37
42 82
27 38
7 26
1 52
48 49
72 34
67 90
77 72
28 1
88 20
55 84
67 92
94 84
39 26
7 69
38 95
11 4
85 66
30 45
81 68
46 86
18 36
76 39
67 20
26 47
56 55
38 39
33 90
33 61
1 54
0 79
27 23
43 78
41 5
70 20
89 57
72 12
58 45
69 98
64 57
99 19
78 44
60 34
68 78
80 38
59 12
24 11
45 51
57 52
21 39
48 74
2 15
49 85
46 36
55 16
99 46
55 78
20 2
91 45
28 65
31 70
88 34
78 33
18 2
93 92
28 63
64 23
51 68
85 60
92 87
42 28
59 54
99 12
61 20
26 31
50 62
34 30
93 91
97 7
97 38
42 35
89 49
66 93
53 51
86 63
92 77
99 97
99 59
23 46
89 0
17 15
47 30
65 47
92 52
75 91
30 37
5 53
15 42
52 50
68 19
98 98
68 11
29 84
85 91
30 76
37 5
39 76
21 51
26 80
31 70
4 73
63 99
74 55
97 68
93 68
80 77
65 69
44 68
80 44
52 98
81 28
32 41
73 78
15 18
80 98
13 92
42 25
67 65
45 8
18 88
83 13
5 37
25 42
42 71
71 36
94 30
65 44
75 59
17 20
77 59
93 1
61 92
10 86
87 74
47 80
97 54
10 59
23 4
23 14
8 88
50 78
76 59
91 88
44 89
27 6
55 81
22 62
1 38
2 65
20 38
4 14
54 8
60 21
31 81
48 19
52 55
73 5
75 10
15 83
23 89
71 52
18 39
7 86
75 72
35 74
11 41
13 26
1 95
35 17
30 0
1 60
30 23
6 70
38 32
82 67
57 26
25 5
99 35
4 5
72 23
12 84
82 67
59 25
60 7
7 61
28 83
82 53
31 33
64 58
74 85
96 80
28 83
75 95
66 33
37 95
92 41
18 6
83 51
42 58
99 49
88 69
73 24
6 14
9 12
56 30
66 48
21 72
61 85
59 9
11 4
72 10
26 61
35 95
65 56
41 85
6 30
33 97
12 92
41 56
23 96
70 95
9 66
95 36
50 56
27 90
78 2
21 53
70 84
85 84
80 74
92 74
72 83
59 9
66 71
74 17
14 81
82 98
71 9
79 68
15 96
28 65
97 53
69 63
59 93
99 37
11 50
99 20
13 3
98 56
45 11
1 18
98 94
77 42
85 63
30 52
77 89
21 91
62 76
25 33
25 83
9 32
17 37
69 97
8 17
69 93
75 12
41 33
96 91
11 33
56 41
94 68
65 27
10 30
21 33
2 50
83 26
66 67
13 70
67 25
66 74
79 18
55 37
74 0
70 80
91 42
7 24
25 25
42 69
7 53
95 92
14 55
41 56
82 89
67 68
1 68
19 62
42 27
40 34
6 42
8 71
77 6
36 25
36 23
60 19
19 58
24 24
7 42
36 76
98 52
29 58
29 57
33 51
34 9
47 5
61 24
10 47
14 43
3 76
66 35
38 31
59 26
36 28
12 67
91 98
78 98
76 30
95 33
56 60
64 55
87 80
94 28
18 64
87 93
50 42
78 15
65 35
80 91
38 70
18 91
2 2
22 60
95 12
85 24
77 48
71 93
20 28
29 60
61 72
2 91
32 64
75 36
32 96
41 42
40 56
75 44
49 23
16 96
76 70
10 36
24 28
53 55
42 90
27 73
27 65
87 58
82 14
54 45
81 91
88 48
98 24
25 16
27 56
94 44
44 34
15 78
73 17
10 58
84 35
71 23
59 55
31 19
2 94
69 50
85 14
71 6
80 70
49 73
9 1
32 5
4 52
15 9
98 95
24 24
52 43
86 46
80 66
28 50
71 43
31 26
54 6
76 20
64 87
47 96
30 16
67 44
20 63
48 5
26 0
51 11
75 13
72 59
41 60
66 41
88 75
28 52
62 6
89 92
56 36
39 47
97 5
37 25
15 2
63 62
39 45
53 75
96 96
76 91
89 88
30 92
31 50
71 70
99 36
81 57
33 46
94 60
23 30
54 67
95 22
25 14
83 58
39 63
70 50
76 34
68 56
27 36
46 55
64 66
52 0
20 25
15 28
79 55
90 44
89 22
0 48
49 77
11 55
44 21
3 25
96 22
40 31
49 73
62 21
99 82
8 17
7 60
54 22
35 79
27 55
98 85
81 54
63 27
49 21
27 29
3 70
50 32
34 57
49 46
26 63
81 51
82 75
40 77
62 69
87 71
28 8
55 19
0 61
82 92
91 39
94 69
66 65
99 13
15 8
45 32
70 43
67 51
71 7
96 71
46 3
61 53
82 0
32 19
52 66
25 74
7 23
48 9
81 80
50 38
86 60
53 62
93 55
43 95
32 0
45 59
82 73
42 45
34 10
78 87
20 92
45 98
92 88
60 13
60 55
62 84
6 89
41 60
81 45
19 37
88 23
87 64
10 87
51 6
70 64
49 38
51 67
85 80
28 43
73 83
98 8
90 33
40 93
10 16
39 45
43 6
53 79
12 7
51 84
43 96
26 21
42 35
50 20
64 26
75 7
22 18
53 70
49 98
29 42
97 79
56 41
58 65
87 86
87 36
51 25
39 73
25 80
66 41
14 11
87 55
89 49
84 2
53 40
3 82
92 49
6 73
97 56
63 98
78 83
67 75
52 18
75 1
34 19
37 2
75 83
74 41
62 59
51 17
28 69
78 47
42 70
67 41
8 69
13 14
39 58
34 98
85 59
79 94
51 52
90 53
82 35
22 88
90 37
31 79
65 68
6 26
39 27
9 17
61 51
41 87
43 0
52 27
91 5
77 83
15 20
28 47
94 27
83 26
59 8
73 0
94 36
86 45
58 55
72 14
15 32
1 9
73 84
62 62
63 64
12 3
38 96
83 15
14 2
81 34
67 68
8 76
88 24
73 75
90 76
33 48
1 83
40 78
0 69
87 25
16 24
6 8
70 26
15 40
33 43
38 82
62 51
35 1
2 13
96 16
63 97
62 76
40 37
95 8
91 33
71 37
81 88
28 16
77 85
27 72
9 41
33 8
10 16
10 0
25 24
93 94
87 34
4 68
75 25
11 59
32 23
38 20
26 51
3 69
58 63
6 51
64 6
89 11
82 69
74 94
63 48
79 90
30 57
81 0
40 39
89 99
86 39
85 17
98 91
35 26
75 82
92 67
14 86
80 73
76 2
2 87
47 8
36 95
14 68
26 73
46 22
58 87
69 32
84 45
92 93
60 79
14 21
74 42
17 21
60 8
54 61
76 79
62 34
25 86
36 95
35 53
91 80
66 84
56 39
25 70
50 90
24 92
71 88
0 30
47 19
29 31
9 37
85 0
7 80
26 30
18 16
49 44
2 23
5 83
6 37
77 3
72 35
83 65
61 96
29 56
98 57
9 56
57 84
47 77
74 48
4 10
78 9
57 78
94 27
57 74
20 19
71 31
68 95
33 28
52 80
91 67
7 9
56 16
50 62
61 15
55 50
97 79
24 25
29 37
64 25
62 21
15 99
15 60
24 73
59 53
28 28
83 13
5 93
94 11
24 1
76 16
78 91
33 40
84 82
70 92
97 17
16 78
32 47
28 94
93 52
14 97
70 49
87 54
93 53
71 81
56 93
98 10
55 74
65 44
47 95
99 75
9 13
90 17
62 34
3 33
22 63
21 63
67 47
12 92
42 55
43 98
64 12
4 25
75 33
43 22
36 17
57 71
7 95
77 93
0 20
93 99
90 84
99 97
54 44
61 25
18 17
84 92
17 54
97 63
99 92
93 35
10 17
32 37
80 4
64 23
25 54
20 82
77 55
15 97
66 7
24 30
35 58
17 95
76 2
82 23
3 47
43 54
80 78
22 44
9 55
25 97
0 3
17 22
63 30
64 57
28 13
99 65
25 77
72 15
66 22
58 33
24 73
54 62
61 16
6 48
6 80
44 13
5 10
83 1
43 38
66 31
63 31
27 5
46 49
73 30
60 77
48 13
52 57
87 82
43 33
59 82
79 82
60 36
89 68
75 72
75 86
97 23
27 39
69 96
2 58
41 11
1 70
43 60
28 54
96 29
88 89
73 73
15 35
37 80
47 30
16 8
43 76
40 4
69 51
90 34
95 42
34 68
38 9
81 65
80 72
39 89
51 96
18 88
99 90
61 19
25 35
31 75
59 48
62 51
13 86
84 74
0 76
96 23
98 2
43 46
82 78
15 21
31 46
20 3
48 16
61 20
50 63
11 35
77 54
15 12
74 47
11 58
68 66
52 4
69 72
75 14
29 32
36 85
40 60
67 92
76 65
55 4
81 15
99 67
38 49
63 98
87 37
69 75
46 79
4 69
25 98
44 56
52 40
10 96
2 55
39 50
80 59
17 27
88 17
99 21
40 15
39 95
70 90
83 37
35 96
75 51
61 84
2 50
40 43
59 99
76 48
62 35
55 5
80 92
58 48
15 86
34 2
15 10
9 34
26 88
59 86
59 30
61 52
94 1
8 21
56 75
1 76
89 36
31 32
48 82
21 98
11 99
39 1
6 29
65 79
59 35
68 6
11 31
89 52
75 3
68 25
94 68
69 46
7 65
35 59
51 17
5 44
98 61
91 39
1 16
11 22
0 2
66 29
51 43
7 14
64 29
44 35
69 34
26 6
64 81
82 77
8 43
14 56
46 91
8 96
12 18
94 87
17 16
56 97
97 68
13 6
17 40
99 45
0 27
89 46
27 25
85 70
27 36
31 26
18 1
87 54
49 15
15 84
44 4
20 93
27 92
8 31
21 22
93 65
67 93
95 18
59 97
95 48
25 39
50 21
36 94
22 64
25 81
42 96
27 33
17 47
59 78
89 43
25 51
66 61
75 4
78 86
27 44
60 15
75 19
24 66
62 90
48 41
85 72
45 87
86 60
11 57
62 95
63 87
85 78
41 7
42 7
59 1
32 80
21 54
73 54
48 44
12 75
13 89
53 47
54 41
15 17
18 46
84 57
88 68
38 42
62 66
18 4
73 94
62 29
16 45
37 41
62 30
95 75
69 38
11 2
46 20
94 13
85 34
18 99
42 42
2 8
43 6
20 56
16 5
74 94
24 98
28 27
78 42
69 57
90 20
3 42
53 50
32 70
89 40
80 74
10 33
99 27
58 23
0 7
15 24
0 52
25 25
94 72
35 19
33 55
22 62
60 66
98 35
38 72
60 12
18 69
4 76
4 25
40 3
31 40
29 74
73 70
90 19
42 32
76 31
33 15
47 6
53 84
54 86
13 53
36 71
45 60
0 80
22 15
19 6
24 53
68 99
88 47
92 76
33 67
54 4
3 76
79 55
69 58
31 88
64 99
37 95
2 77
9 26
80 33
74 70
70 62
41 94
78 88
46 30
3 78
58 74
23 63
84 41
14 67
83 82
51 80
63 15
33 2
64 79
59 3
17 46
97 33
32 51
20 93
71 17
12 60
70 72
10 17
24 23
40 97
44 78
51 6
22 43
1 93
37 31
36 20
1 54
68 26
92 30
67 76
76 63
7 93
40 19
23 42
23 4
97 57
89 90
56 6
81 25
16 29
83 69
64 65
49 67
89 83
63 62
0 10
77 0
26 48
91 65
4 83
67 77
9 20
17 93
82 38
38 14
98 80
3 67
66 44
13 17
53 23
30 66
11 95
33 4
14 19
49 37
39 20
20 96
78 84
61 14
23 17
27 73
55 7
34 1
61 46
52 28
3 73
85 4
7 49
7 58
72 87
94 21
44 97
66 70
10 68
25 41
7 71
40 1
95 79
69 94
13 32
46 74
19 22
31 47
41 31
58 40
24 1
41 65
75 71
83 85
65 24
43 56
99 24
80 86
60 24
96 77
5 48
19 61
38 96
4 81
65 80
51 39
17 84
44 12
65 87
33 44
39 79
62 0
10 99
33 78
79 1
64 90
37 62
2 37
89 63
16 21
12 87
97 93
36 75
19 50
89 76
87 44
61 0
53 54
46 50
74 93
58 89
76 89
52 24
11 18
60 61
30 68
2 85
12 52
58 80
6 91
43 80
60 65
24 82
46 54
73 22
86 37
85 20
0 97
82 58
59 54
83 48
59 76
70 71
11 67
15 63
42 81
63 5
90 93
32 66
92 23
10 24
15 59
63 14
16 63
24 68
80 5
58 82
86 53
23 48
16 4
95 50
66 23
58 90
26 66
85 80
44 35
45 42
47 28
67 61
81 59
38 80
93 52
81 25
12 83
18 91
97 83
59 63
47 38
71 13
49 40
73 0
67 96
81 68
0 30
32 10
16 96
72 4
78 26
19 70
29 76
70 45
33 42
90 84
41 36
66 11
18 89
6 46
78 61
2 52
61 1
58 94
28 64
9 16
87 72
91 89
15 38
79 39
1 25
63 36
62 29
40 31
35 20
69 94
1 64
65 89
26 73
41 75
44 1
44 78
74 23
89 21
60 72
89 35
89 94
38 89
96 53
58 5
44 22
95 15
52 82
19 23
84 50
38 19
86 83
79 69
52 16
14 64
10 99
64 89
34 74
85 99
21 30
17 52
47 35
68 44
52 18
46 74
12 14
42 88
55 43
51 50
73 17
40 11
44 8
97 51
84 9
28 67
64 39
30 96
50 43
52 69
58 14
31 0
0 47
0 63
47 11
77 51
39 84
7 97
65 29
38 82
88 56
15 18
81 27
37 25
32 98
40 44
26 87
53 73
8 83
35 93
2 82
30 81
28 47
33 82
26 29
49 92
7 97
13 16
56 36
45 57
36 60
35 33
95 86
2 88
34 86
15 65
61 8
40 71
56 15
53 49
78 37
84 19
53 77
33 95
36 57
86 47
94 71
47 71
96 82
24 93
18 49
29 98
60 15
13 27
56 12
87 36
42 92
97 10
50 71
71 16
80 10
3 4
68 49
25 61
86 76
86 46
68 24
99 70
50 42
84 28
85 30
25 85
4 16
68 51
27 67
83 57
36 47
66 49
19 6
6 81
13 34
72 93
10 68
12 60
33 13
89 28
56 13
45 23
40 13
63 3
26 86
76 18
53 85
3 83
0 98
93 32
93 52
98 76
62 24
77 21
31 25
65 1
95 67
50 64
63 88
8 72
41 18
33 55
99 56
65 91
79 87
56 96
27 36
54 66
36 17
11 77
75 65
72 99
22 90
35 36
92 2
1 5
83 84
57 40
22 89
11 64
82 45
61 34
31 17
75 14
62 88
47 44
23 56
46 39
59 30
76 32
57 40
37 5
66 27
42 45
26 14
18 50
60 68
22 96
98 83
32 37
41 37
65 78
2 17
68 20
60 67
41 94
11 9
65 78
20 26
70 51
75 91
22 29
83 22
75 63
84 44
47 20
19 5
51 45
70 62
65 52
69 21
37 9
88 66
68 97
32 35
29 83
22 65
74 12
66 15
84 10
15 13
40 50
87 73
83 17
12 12
36 27
3 87
65 42
66 60
69 1
3 43
61 68
61 45
30 66
2 90
65 3
24 20
95 70
6 89
35 95
51 39
97 0
55 87
19 83
72 11
61 7
44 68
32 18
7 6
63 63
43 48
39 7
9 47
52 60
62 18
14 58
95 33
58 4
29 59
94 32
99 1
60 60
81 68
30 42
99 25
93 56
85 87
10 29
21 86
24 45
33 20
17 27
99 92
21 87
95 58
27 98
55 6
89 97
98 79
81 77
31 28
59 77
91 80
67 84
70 30
44 23
99 49
13 70
56 41
3 72
71 94
65 24
38 37
80 42
0 81
99 51
1 73
96 64
39 63
10 85
63 78
26 23
61 83
54 18
15 73
87 48
32 86
49 45
29 14
4 24
96 85
56 61
94 55
50 9
82 59
1 59
62 73
63 85
92 71
5 16
22 16
92 80
39 47
32 65
17 70
29 21
20 49
76 89
82 34
16 33
50 21
44 85
70 64
42 68
16 11
5 90
84 26
78 44
96 90
19 57
46 67
99 29
60 14
59 31
57 90
97 85
69 4
85 62
40 90
89 77
8 53
50 45
64 1
64 94
32 60
31 92
86 47
38 54
30 67
24 59
80 0
93 70
1 60
41 98
11 90
34 23
13 23
99 90
92 26
81 47
10 92
91 92
34 7
79 29
51 37
79 3
61 47
8 94
13 55
48 25
65 42
5 2
6 76
10 81
10 38
43 93
55 97
43 10
32 93
25 64
66 98
20 61
67 47
91 42
78 16
44 39
16 20
46 99
60 69
97 91
38 18
48 36
12 62
93 30
16 28
22 7
80 17
51 35
42 1
95 76
87 2
64 69
17 79
60 25
52 67
15 12
63 11
1 53
32 90
66 95
90 56
69 41
21 12
28 85
69 79
65 61
98 99
73 63
96 70
72 65
83 65
64 73
55 61
64 84
70 54
4 60
21 18
46 1
28 44
32 19
44 22
46 13
0 36
17 3
15 73
32 67
34 42
27 86
12 86
27 41
25 79
73 73
63 46
72 22
66 29
61 99
80 69
25 77
14 36
97 50
56 58
20 41
37 37
27 20
21 63
11 49
94 50
10 74
3 94
79 99
61 78
56 74
38 16
88 23
7 82
73 5
30 69
0 95
78 48
8 96
53 52
89 6
50 48
83 22
34 76
24 89
65 60
44 41
76 94
7 72
39 14
91 2
12 38
79 86
22 62
46 9
77 30
35 68
56 1
79 52
53 48
15 24
43 90
9 31
35 71
52 46
30 46
38 21
1 18
5 8
63 2
82 74
1 63
2 68
89 71
23 51
82 2
69 57
88 45
87 12
33 84
30 44
55 15
11 29
5 43
82 90
0 7
78 0
40 97
13 44
4 63
16 60
19 88
90 29
54 1
88 29
3 92
41 38
66 48
28 48
51 19
16 34
37 31
4 82
6 75
93 9
8 51
98 1
2 65
75 63
27 97
42 61
41 55
69 2
33 61
50 41
19 26
77 65
10 71
43 27
23 77
14 36
75 44
39 34
18 73
42 85
5 23
69 4
84 42
92 59
13 72
35 31
2 62
97 17
35 15
25 98
71 89
67 67
72 59
53 29
15 30
90 62
15 38
75 81
20 56
19 56
47 54
12 39
92 99
85 34
84 24
87 88
48 96
68 54
16 39
38 75
55 58
76 74
51 1
73 78
7 88
48 67
76 98
89 50
91 68
72 7
89 25
55 13
64 93
73 19
61 77
40 2
85 29
18 10
37 44
29 98
37 3
57 9
89 14
74 6
40 74
75 24
61 48
53 37
59 36
32 45
96 76
42 37
35 37
32 79
13 53
32 52
5 35
14 4
88 47
29 14
85 28
92 55
49 66
33 17
38 1
65 81
85 34
82 83
38 98
79 61
50 85
90 60
19 26
12 44
86 24
49 95
62 8
20 54
5 80
40 74
43 77
56 87
19 51
86 19
81 75
51 71
88 8
53 94
29 71
33 94
23 23
63 46
0 45
97 97
96 15
89 91
41 90
77 90
1 56
41 30
74 22
74 54
96 63
54 29
73 5
30 16
14 67
58 25
65 35
69 28
19 49
76 34
43 35
43 77
48 72
75 56
49 59
38 4
64 52
84 32
66 4
43 22
15 48
36 78
11 73
85 50
59 64
11 98
39 49
79 2
28 95
82 77
83 71
54 6
16 54
88 71
95 14
34 45
17 67
88 66
73 14
11 24
60 20
76 81
72 1
24 25
12 1
52 9
43 31
31 6
43 64
82 45
54 7
49 39
68 8
98 41
72 59
76 2
28 60
10 75
24 12
49 76
61 78
42 33
63 45
84 2
71 51
3 48
92 59
0 4
17 32
66 31
48 67
39 84
57 32
14 95
33 89
14 40
26 89
61 53
33 31
63 65
47 57
75 50
96 56
84 39
79 94
66 57
28 87
80 99
75 44
88 19
34 2
35 70
88 46
88 66
32 12
7 83
52 1
12 7
94 20
13 10
35 92
17 70
2 20
19 9
25 39
85 65
29 68
86 24
6 24
12 72
67 40
29 25
40 23
30 96
79 69
79 59
47 36
91 24
37 9
58 41
62 95
99 83
69 72
22 28
7 90
92 98
49 47
14 40
99 46
1 72
70 91
37 17
5 41
34 56
12 43
51 43
81 53
70 80
82 7
30 63
85 65
51 50
89 16
54 72
42 67
18 55
85 52
23 65
93 50
24 13
77 96
93 66
64 68
19 63
4 44
99 74
38 99
89 94
23 78
3 3
16 67
93 34
47 22
81 2
86 78
43 80
38 90
40 69
59 83
6 16
51 18
23 14
26 87
22 55
55 39
56 27
44 53
78 8
10 32
34 46
71 79
82 55
69 74
51 48
79 33
11 91
7 50
21 99
44 94
47 51
33 23
52 34
86 21
12 40
19 56
63 60
85 46
67 36
40 42
57 96
27 72
47 33
41 89
92 0
41 19
33 38
46 49
11 37
26 43
88 42
79 6
23 0
90 27
12 34
87 63
51 82
48 21
89 24
51 75
80 54
41 73
32 93
43 28
80 12
86 84
52 86
69 74
76 93
65 73
93 17
89 46
7 55
1 46
32 58
26 34
82 98
6 88
23 16
87 88
21 66
67 37
23 36
61 75
57 30
24 7
57 75
79 22
25 77
67 60
81 35
37 93
65 38
16 49
72 58
18 16
11 31
5 89
39 8
82 35
54 99
65 16
39 6
84 56
95 81
63 47
51 82
57 25
20 30
75 54
26 70
60 38
78 83
67 12
27 54
85 88
28 30
31 77
23 36
79 84
90 46
5 16
4 3
99 12
31 95
43 93
23 88
36 16
47 84
57 70
99 70
59 12
39 68
14 96
15 60
73 72
88 11
73 76
7 47
85 39
79 55
96 57
37 29
21 68
31 53
59 67
75 33
55 81
17 77
67 82
45 0
23 2
9 98
19 37
18 6
31 12
63 96
0 72
37 23
9 16
26 58
98 1
23 57
38 40
42 64
50 42
95 6
61 83
86 73
87 36
88 38
72 96
49 56
28 53
80 65
15 65
49 32
27 60
39 78
68 18
60 25
1 97
49 63
64 88
58 26
69 89
0 9
94 87
44 35
81 91
24 91
95 94
91 22
42 33
33 63
2 50
15 23
30 32
76 34
30 9
85 75
74 69
25 72
7 99
96 35
55 57
70 82
94 83
92 52
19 50
56 47
25 34
15 89
34 63
23 25
91 51
93 0
35 2
6 57
34 85
17 19
15 35
21 93
16 62
54 20
76 43
45 85
1 13
12 42
48 32
49 78
52 36
41 96
29 99
65 93
26 75
32 2
4 82
80 5
26 81
68 16
63 39
92 46
53 73
23 43
10 30
76 83
43 41
14 56
31 4
38 61
2 48
53 58
78 6
55 3
69 9
66 61
74 68
40 12
65 79
56 67
54 38
63 19
9 61
38 77
88 72
32 57
19 18
80 64
57 80
8 76
19 61
7 84
85 7
5 20
13 27
80 4
35 0
11 20
20 89
29 88
21 68
8 95
62 55
19 56
13 68
11 51
49 39
78 7
17 44
23 15
18 21
5 85
65 15
88 65
4 33
54 11
48 96
92 26
56 26
38 19
70 86
41 38
31 12
23 69
23 62
17 39
23 81
98 29
91 62
84 94
6 45
25 38
36 49
6 84
12 61
36 99
42 84
94 17
57 10
5 66
4 56
96 37
98 70
16 17
82 39
84 48
78 90
22 37
77 83
24 58
93 44
46 42
86 53
22 31
88 49
79 23
42 71
73 92
69 51
71 98
53 39
74 33
82 22
29 86
88 24
62 90
0 35
55 51
85 58
0 21
23 79
0 84
70 68
16 86
69 62
14 6
6 38
65 12
29 4
4 26
35 88
79 97
94 4
53 80
54 96
13 76
99 55
54 31
51 7
11 80
21 24
45 13
3 23
47 20
37 35
73 42
86 37
16 12
35 5
12 41
72 76
76 13
14 39
11 32
0 69
66 25
38 72
54 6
55 30
66 4
20 18
47 72
86 51
51 64
46 65
78 41
40 32
65 76
71 19
7 1
17 88
25 0
52 3
77 82
47 19
23 89
92 41
64 35
54 34
82 68
7 99
2 51
61 47
89 66
55 62
50 99
49 16
19 62
70 61
88 77
78 67
6 66
4 89
57 88
13 36
38 49
71 54
81 84
47 20
77 96
26 80
46 50
82 14
33 40
49 41
6 13
30 87
38 12
7 81
46 6
40 8
11 89
2 79
40 14
52 42
92 63
44 37
60 83
51 67
3 39
4 13
33 73
68 74
57 24
33 27
58 90
39 74
12 98
45 9
25 10
27 5
71 59
15 65
90 2
79 15
40 72
33 85
15 4
52 76
14 90
5 20
68 95
42 37
59 11
15 90
29 99
4 36
88 91
65 15
78 79
40 28
68 25
70 75
31 34
84 89
6 77
74 38
64 90
36 1
81 9
13 15
42 52
1 53
47 37
36 30
35 74
46 86
5 36
69 19
0 32
81 73
22 47
79 88
46 35
12 26
54 65
67 94
24 1
52 47
94 27
7 43
2 75
63 94
50 8
1 0
21 74
62 4
24 94
29 60
38 89
43 1
58 17
2 47
2 69
69 94
58 40
46 2
23 68
43 27
9 37
88 0
33 47
74 38
47 15
16 19
34 41
82 47
60 65
24 17
97 37
19 81
12 36
76 13
57 33
95 85
38 80
52 85
0 74
31 8
29 97
46 10
63 65
86 45
23 89
41 13
73 30
32 66
69 7
80 18
3 61
67 88
15 31
99 3
27 60
87 45
58 30
5 96
84 2
71 81
40 0
5 81
7 31
33 65
90 55
15 93
60 92
59 88
38 34
15 17
91 72
30 23
54 55
38 19
4 64
85 32
91 10
75 90
92 13
0 51
27 95
65 68
1 95
66 6
40 17
5 57
6 34
97 26
68 20
60 85
17 69
8 57
27 28
7 54
59 7
45 95
87 85
14 78
85 49
36 0
40 50
34 4
7 54
22 49
11 77
94 75
76 91
79 30
78 81
77 69
27 88
17 17
22 75
37 33
82 70
60 49
14 30
19 90
65 75
8 9
3 95
29 80
83 48
43 90
86 61
13 84
76 82
40 73
43 86
31 20
30 52
84 69
85 90
20 28
19 44
13 1
56 99
2 64
8 1
33 17
65 0
69 91
46 11
66 59
59 14
55 25
17 33
49 52
51 30
79 67
40 21
78 59
68 39
14 45
31 90
63 30
81 61
10 43
60 51
58 48
42 60
6 79
82 93
52 30
27 82
68 73
19 95
63 55
56 76
57 11
11 87
60 20
64 62
34 93
76 18
95 42
18 75
16 33
49 69
35 62
15 90
67 31
72 37
25 18
8 0
83 50
74 81
10 94
39 25
8 65
59 82
6 58
78 48
75 55
82 99
98 49
1 19
71 75
86 78
5 81
56 71
82 18
39 77
35 57
84 43
35 43
79 7
25 35
21 1
74 56
60 90
35 75
79 90
17 44
72 2
50 47
81 81
92 16
53 33
94 10
17 81
50 89
36 7
73 68
18 20
85 33
91 16
2 65
89 42
38 59
55 76
58 89
40 49
39 7
61 15
8 77
98 94
27 86
8 38
68 60
0 8
52 49
33 29
97 80
97 8
40 29
87 98
46 66
18 31
93 51
2 76
10 58
68 75
30 1
27 9
51 13
73 62
15 25
57 8
82 27
84 35
8 80
78 72
45 70
2 65
51 62
22 63
22 3
5 29
74 80
77 17
46 26
59 75
59 64
21 27
14 99
68 8
32 8
65 6
19 95
89 34
53 96
18 47
54 12
6 64
13 67
15 14
43 37
60 68
84 5
79 44
11 37
55 16
64 62
92 40
9 34
8 56
10 64
8 81
29 67
99 19
64 41
26 90
1 73
45 37
6 87
9 26
41 23
2 32
95 44
25 92
2 94
73 2
71 62
21 79
37 76
72 4
42 85
91 86
83 36
67 34
74 55
72 87
33 90
18 24
55 42
85 37
25 50
62 31
0 37
16 24
5 56
34 79
28 79
88 32
13 11
5 70
23 80
85 60
14 61
82 89
48 81
14 1
68 4
18 62
92 71
23 96
2 30
98 44
60 16
19 10
54 97
22 44
41 5
35 88
76 14
93 13
1 7
59 91
21 90
74 60
5 88
15 31
63 52
89 64
50 43
52 39
18 63
61 90
71 22
1 43
59 71
36 51
46 86
82 42
49 86
10 52
22 97
95 0
39 65
75 13
25 28
4 89
98 35
56 62
30 69
15 72
69 12
79 41
21 38
0 94
87 67
24 69
33 46
16 15
74 70
31 51
89 56
31 17
20 2
71 34
59 51
39 62
12 10
96 35
97 89
42 88
52 66
38 7
46 9
27 63
3 30
17 14
22 40
58 30
34 43
67 27
95 92
72 34
59 1
10 61
36 49
40 93
96 77
25 24
24 0
34 55
79 99
87 39
89 65
26 74
9 94
92 60
64 3
79 66
34 68
68 3
70 21
36 57
70 71
59 50
41 6
99 17
24 68
27 11
84 56
63 40
76 23
91 34
10 86
47 28
25 55
30 12
97 26
23 78
20 40
94 30
71 47
54 86
4 45
5 34
97 70
91 10
75 40
51 30
38 52
64 58
26 10
97 43
20 60
2 8
3 71
65 87
93 64
46 47
28 57
63 24
2 11
39 11
45 31
62 36
88 72
26 54
94 43
51 10
91 72
72 74
39 37
14 14
32 27
1 88
78 72
19 39
78 74
1 7
24 12
9 5
32 51
65 87
43 20
31 70
98 68
40 31
70 21
46 90
13 73
20 79
52 53
3 16
46 10
6 13
87 18
83 27
95 23
5 52
55 72
24 36
62 42
55 33
64 56
1 20
50 64
97 79
47 37
17 49
34 19
17 23
96 0
24 34
7 76
44 33
16 37
89 7
68 29
76 36
27 0
59 97
52 76
60 69
55 29
13 84
75 66
56 85
87 69
85 32
67 0
56 95
80 23
1 30
22 88
49 21
50 28
68 97
62 8
37 4
91 37
7 39
14 27
50 78
76 46
21 47
49 61
25 4
58 98
23 82
24 98
29 46
80 53
91 93
14 16
54 98
41 16
8 52
57 48
11 27
87 47
0 5
21 96
95 72
31 99
2 80
74 98
6 15
11 70
92 94
21 76
47 27
39 47
80 53
33 43
29 45
14 89
51 39
91 41
56 23
88 78
88 15
2 33
76 84
4 29
27 9
79 69
8 62
67 41
21 60
85 10
97 87
99 26
20 12
79 76
44 87
85 60
82 12
19 37
19 84
34 27
80 44
8 91
52 22
82 61
77 0
88 72
63 45
39 4
65 71
19 96
76 19
41 34
4 12
99 39
17 69
55 28
11 8
9 90
9 58
64 74
69 55
88 44
1 54
21 43
67 26
75 16
0 44
44 65
94 82
79 88
87 91
98 9
35 61
50 24
42 59
94 31
57 36
71 24
11 34
74 44
73 52
94 87
79 20
90 37
25 52
89 10
42 1
89 31
19 75
73 51
91 80
52 63
17 79
51 11
43 48
54 26
58 15
76 47
96 39
49 13
56 68
6 90
81 74
91 33
17 26
33 34
37 2
44 10
56 65
88 49
45 94
51 79
14 31
69 97
82 40
52 24
0 80
35 69
97 55
75 51
17 10
55 82
2 8
52 75
43 66
29 89
38 12
18 46
68 35
96 93
73 54
2 83
18 54
5 82
13 41
17 66
17 82
20 9
55 93
11 93
63 20
72 84
15 25
30 35
17 92
99 75
89 73
14 28
43 99
7 7
46 72
12 69
31 19
74 15
68 95
6 39
6 25
62 6
65 0
65 49
98 18
12 11
40 42
76 77
24 30
42 44
93 62
23 62
14 18
64 5
73 48
1 53
73 60
1 88
19 34
11 42
72 40
59 73
56 80
40 27
97 54
0 23
42 45
45 73
13 3
97 18
61 65
89 87
10 36
92 89
28 70
98 3
41 66
78 34
42 21
33 57
81 75
65 32
5 55
6 5
46 68
26 90
97 43
65 87
64 60
8 87
61 27
52 64
90 95
63 89
59 84
95 78
0 32
44 69
87 18
79 3
4 47
59 41
62 96
29 91
70 39
79 97
26 72
82 33
47 39
43 9
27 65
41 88
25 53
18 25
65 82
32 50
75 95
92 82
24 7
9 56
56 97
7 11
24 98
81 49
75 80
74 8
58 57
51 64
49 44
24 86
3 66
95 88
1 15
73 55
27 14
17 7
78 24
12 67
18 43
64 67
86 45
65 42
8 92
84 77
81 97
57 64
89 35
53 61
51 85
83 89
12 13
16 20
78 46
96 37
33 22
18 63
82 12
24 37
62 12
12 29
67 23
95 48
94 97
67 87
23 37
49 91
55 87
28 15
67 22
33 51
84 93
89 72
19 34
29 33
33 58
86 16
37 9
62 89
61 30
19 53
77 37
76 53
40 67
55 87
35 67
85 30
18 42
85 36
92 94
27 56
97 94
23 21
71 8
96 0
13 32
78 32
77 3
9 86
49 9
33 57
81 97
44 60
96 98
10 97
57 85
58 20
45 45
19 22
2 42
60 86
94 94
97 34
78 50
18 85
80 1
3 48
73 0
0 81
85 65
22 98
67 6
97 47
68 69
88 34
31 40
66 99
26 3
32 68
21 49
4 15
88 95
16 83
34 34
29 3
83 90
11 16
35 99
32 19
55 51
23 73
77 96
33 20
0 62
85 44
63 21
39 14
57 61
56 17
44 49
10 50
74 47
8 22
25 93
60 45
29 19
87 45
43 50
62 58
82 42
74 90
31 52
24 39
88 70
90 84
80 31
65 25
94 49
16 62
68 89
6 65
0 86
21 58
17 4
40 83
53 58
27 96
95 31
73 19
18 98
46 76
70 78
31 5
35 87
68 65
0 58
74 71
45 25
88 60
90 48
70 81
71 68
2 88
71 17
22 44
67 60
12 41
79 91
42 53
65 91
9 74
25 70
19 53
14 55
32 7
0 27
26 30
56 95
30 17
51 32
68 74
97 61
60 13
14 0
53 64
83 18
98 6
9 50
42 76
60 65
67 47
8 18
28 9
0 82
86 86
50 72
24 78
14 84
98 60
61 10
75 32
85 61
47 34
89 51
14 76
92 55
91 39
90 44
46 21
5 61
80 89
91 48
7 89
79 87
48 63
40 69
46 37
71 93
73 92
18 60
26 82
60 2
21 86
56 6
32 55
47 57
80 83
96 53
46 96
53 42
41 14
91 69
20 67
61 21
80 10
26 24
56 67
55 61
60 2
2 41
71 61
57 10
55 86
24 54
18 50
67 87
46 46
81 66
82 60
51 82
66 71
9 4
69 21
42 73
83 1
74 8
59 53
36 26
42 93
15 1
9 0
9 7
22 84
37 25
92 67
83 45
59 94
48 54
40 44
15 19
48 10
71 99
11 42
92 53
44 22
72 74
94 57
48 43
90 15
5 95
49 45
45 59
65 39
43 21
2 76
77 81
39 6
57 68
82 88
99 76
46 85
61 46
55 76
73 17
33 99
33 1
80 79
93 5
59 44
81 74
15 42
45 38
24 85
14 93
28 81
85 47
60 83
38 71
8 69
59 96
26 87
79 71
63 14
3 92
85 79
26 58
67 24
78 85
46 43
12 61
81 45
41 34
96 25
1 4
65 38
66 64
84 78
47 77
60 34
45 64
92 28
30 70
93 61
36 77
33 99
0 74
52 66
62 91
56 74
67 35
24 41
51 35
35 91
38 12
90 42
77 37
87 99
77 64
27 72
60 94
40 25
32 87
63 48
5 63
50 17
77 62
71 70
11 82
25 69
44 81
14 85
76 65
20 56
43 75
70 4
74 38
10 16
10 64
96 90
76 8
44 58
18 74
21 67
53 91
40 5
47 27
56 95
81 25
90 76
91 78
87 3
15 51
61 74
56 63
76 95
41 49
26 41
79 73
73 60
89 44
59 91
56 76
42 51
69 27
75 30
79 60
36 16
94 57
0 26
7 45
72 95
65 46
4 94
24 7
0 20
45 25
28 98
66 9
66 76
56 54
91 95
6 25
6 11
69 31
62 62
36 9
25 7
70 95
22 98
1 43
55 50
13 48
59 74
41 57
82 52
18 25
71 79
71 22
96 28
56 92
70 95
99 51
6 14
22 58
6 82
61 52
7 92
13 18
60 72
21 25
19 62
41 81
77 89
67 98
12 47
53 25
27 55
4 46
88 64
46 6
33 46
15 27
1 68
89 8
82 99
56 37
23 55
95 93
23 2
94 76
84 94
2 18
26 98
8 59
55 7
58 0
23 0
11 19
43 35
25 66
93 97
65 7
22 43
34 9
42 81
97 57
20 56
64 36
88 49
37 78
28 44
28 85
63 42
33 11
9 74
85 46
85 40
17 39
19 11
17 6
60 6
31 48
75 35
28 12
27 62
32 75
21 8
68 20
47 46
30 98
81 1
88 64
90 60
43 43
7 65
59 83
5 26
53 14
48 18
36 66
37 12
20 89
16 68
42 22
45 86
71 12
8 0
93 81
41 2
66 86
9 97
7 72
40 49
35 59
6 78
45 48
4 8
11 33
70 60
0 46
1 79
15 53
86 84
21 4
38 97
61 64
46 73
33 76
20 46
1 27
30 92
1 9
45 29
16 31
40 38
45 83
51 56
19 61
74 85
96 22
56 65
38 94
29 57
64 27
70 83
98 25
88 95
49 88
72 91
96 76
42 57
15 81
64 58
63 7
25 60
14 60
64 40
51 40
70 47
27 80
97 78
77 87
32 51
59 39
76 35
29 15
24 77
95 2
13 54
2 1
45 26
35 58
81 23
28 57
29 43
27 21
16 87
15 40
23 48
83 68
46 40
10 56
72 88
56 90
74 87
44 40
82 26
99 80
49 57
34 67
77 43
40 2
13 8
52 14
72 27
37 4
3 62
69 3
40 72
13 73
37 42
50 69
34 10
73 44
33 26
51 46
88 55
41 9
23 16
53 68
19 25
3 92
62 98
18 16
1 74
15 90
56 47
63 74
82 45
12 78
47 87
89 59
55 39
54 45
35 17
1 42
28 51
62 14
23 75
21 95
29 13
52 38
15 87
59 95
51 56
60 0
4 16
14 92
32 79
22 44
28 35
10 37
8 83
47 25
84 64
90 88
98 8
95 46
