56 61
36 17
76 97
99 16
31 6
68 16
23 90
92 61
28 98
48 96
41 6
46 64
94 40
23 66
11 7
11 9
20 59
61 6
80 80
9 12
30 93
78 52
90 70
81 74
61 52
79 54
84 37
13 54
23 20
77 15
20 54
74 38
48 89
91 12
87 7
24 83
63 44
29 60
3 65
64 43
46 26
11 85
28 33
40 12
59 48
85 1
41 10
31 38
66 53
47 8
56 93
68 98
65 26
64 71
67 26
79 35
6 91
52 24
57 77
43 98
79 76
83 30
14 78
13 35
74 23
94 86
27 79
30 26
64 52
39 35
67 98
37 71
63 39
7 53
65 51
77 47
41 48
88 6
50 17
16 21
23 23
68 98
14 62
46 68
94 51
83 53
93 22
44 36
75 34
56 10
16 28
91 66
61 26
9 12
31 12
89 37
24 47
25 24
24 44
20 17
29 61
75 22
93 75
42 28
12 82
72 20
24 85
3 57
12 51
98 27
15 70
37 76
74 91
14 70
9 13
62 45
44 44
53 13
47 25
84 15
36 35
57 49
66 45
5 62
43 20
11 64
80 39
62 8
10 17
79 86
26 40
52 10
0 33
42 70
70 12
33 34
29 11
3 90
8 38
91 40
32 89
7 33
85 58
16 38
91 37
83 9
38 13
33 93
59 93
13 38
39 63
78 2
30 44
80 67
65 92
6 61
54 11
63 25
60 22
88 82
1 27
57 33
36 81
27 58
11 21
61 12
40 18
86 61
98 58
50 67
86 50
30 27
84 80
19 31
19 82
15 72
77 59
75 2
77 37
71 35
44 61
13 12
50 93
70 39
13 69
0 98
57 6
77 23
16 22
47 76
0 65
11 84
67 69
55 32
61 19
85 32
24 43
60 83
35 64
87 48
86 1
8 69
38 72
21 87
16 91
43 83
29 19
31 89
6 38
81 54
21 35
65 66
6 56
8 24
75 69
60 91
0 45
29 98
17 65
55 10
89 9
48 62
7 85
52 39
20 5
56 81
46 16
92 30
73 38
65 33
20 48
23 14
84 25
6 44
95 24
63 54
84 10
87 21
22 92
83 61
61 6
75 5
25 94
78 69
92 94
43 88
62 99
94 64
99 1
9 62
92 50
25 3
9 28
41 6
96 75
0 94
53 30
22 16
18 2
29 99
4 40
91 43
37 60
71 81
54 90
96 87
79 67
45 34
89 3
40 61
37 28
5 38
78 12
1 45
47 5
36 32
31 66
50 58
52 20
53 18
55 20
2 38
39 15
3 14
29 3
82 22
38 68
6 32
79 38
81 34
24 46
89 46
14 36
33 44
37 49
89 80
63 97
48 54
44 63
35 25
20 87
73 23
86 33
32 61
87 86
70 30
86 29
18 62
73 0
33 42
20 59
46 88
93 9
81 45
67 49
33 5
58 85
99 37
0 5
66 82
77 85
19 4
74 19
60 57
94 39
53 25
29 86
9 74
26 50
36 79
14 44
74 30
93 95
20 40
97 51
99 80
48 4
43 95
22 65
46 0
35 32
63 20
17 99
1 94
54 65
22 86
79 43
75 2
5 24
85 99
82 99
21 44
27 60
72 83
81 60
20 10
67 49
78 59
16 32
27 71
45 27
33 89
28 78
66 76
95 35
77 81
55 30
24 72
97 57
28 76
61 11
77 42
33 68
66 57
10 44
51 60
38 37
90 64
9 57
97 9
18 33
84 98
60 2
40 98
53 46
18 35
2 44
29 94
32 19
81 9
38 2
89 40
55 43
98 19
80 32
64 27
20 64
87 61
40 92
99 49
83 12
66 17
70 31
94 46
31 51
15 20
21 87
31 28
46 95
36 0
68 83
64 28
23 51
84 79
29 70
14 20
66 86
61 42
76 44
15 18
1 23
81 50
12 31
88 24
57 14
69 28
54 39
68 99
13 47
32 60
67 93
88 81
10 81
27 92
21 25
95 55
76 25
20 95
70 73
64 74
18 95
83 47
77 12
29 70
68 13
11 58
37 28
49 2
0 53
29 25
68 98
67 35
42 19
28 82
69 42
52 62
64 26
51 15
71 65
8 80
8 27
24 35
31 95
9 9
79 87
94 21
33 88
83 9
42 4
16 99
15 67
54 25
75 42
17 4
17 0
26 76
62 12
12 41
34 38
50 61
54 9
62 53
9 77
28 53
19 14
92 44
2 9
33 96
41 96
10 35
30 73
41 39
71 90
97 39
43 24
29 58
25 25
59 79
8 79
61 61
69 33
61 0
89 19
76 71
58 60
80 35
62 33
56 26
12 66
53 34
4 60
17 63
37 78
0 64
34 46
81 50
32 35
62 35
0 22
0 95
42 45
62 15
41 88
39 47
41 28
95 38
75 42
54 59
61 35
11 20
75 89
17 95
1 58
19 29
48 26
66 85
71 54
60 81
22 93
82 59
70 82
4 61
14 23
35 29
1 4
78 79
26 34
44 91
59 89
27 24
91 54
30 65
55 55
62 65
74 65
77 90
67 6
65 20
95 11
19 57
19 61
26 86
31 0
19 37
35 88
53 98
4 3
12 36
22 77
77 80
85 23
17 87
71 26
36 81
47 87
63 58
90 21
13 17
55 98
55 45
95 29
72 68
84 28
94 67
41 40
97 2
96 52
28 87
52 29
44 18
15 55
80 33
85 19
61 25
78 59
3 76
51 65
18 13
72 48
44 7
60 97
83 78
57 93
17 14
72 85
3 4
49 10
25 42
72 21
98 10
17 87
71 98
94 24
69 28
8 80
56 31
74 12
77 58
11 57
53 3
93 7
56 21
22 32
3 15
47 64
40 10
68 36
64 74
60 25
49 94
5 2
27 5
18 58
43 49
1 66
69 46
94 31
42 2
65 12
2 76
87 13
88 22
79 10
50 69
10 20
63 84
52 27
53 75
83 42
23 99
3 15
89 66
21 19
95 91
30 93
55 98
31 53
51 48
42 93
48 87
43 65
52 85
39 21
48 85
55 52
30 4
80 63
83 11
62 92
57 31
83 45
20 81
83 94
96 61
16 0
47 29
33 8
70 51
8 29
95 17
89 32
58 40
72 49
41 81
42 81
22 79
11 54
95 56
43 13
28 1
69 52
42 78
89 11
96 75
31 39
12 58
94 80
19 17
96 29
81 71
47 13
10 42
70 52
45 13
59 12
80 95
51 81
3 11
38 89
59 94
9 60
52 91
53 74
2 63
82 42
73 48
76 10
52 40
41 56
66 57
10 6
49 99
88 55
64 31
39 81
1 10
1 34
24 11
64 19
69 30
31 99
92 43
7 24
16 97
21 40
67 84
6 34
35 69
1 33
36 30
18 39
50 44
72 68
42 65
7 22
57 27
95 98
98 77
1 89
46 49
37 33
81 84
21 94
24 56
50 36
53 70
26 51
33 10
71 92
90 21
39 89
22 75
87 63
37 8
23 3
31 87
88 39
98 74
44 7
82 23
9 57
31 98
28 77
1 15
35 45
26 55
4 51
99 90
13 8
70 2
91 35
0 17
3 80
21 45
63 4
84 88
56 81
62 74
13 22
89 84
10 77
99 71
82 14
89 89
29 30
25 33
47 48
40 48
32 71
57 48
66 31
62 0
94 41
29 38
26 27
97 15
5 89
97 41
51 30
72 20
23 19
73 0
57 62
38 5
63 14
19 92
71 94
76 24
98 96
47 89
36 85
93 47
68 90
19 68
82 96
43 25
23 99
37 81
35 32
53 71
56 17
64 73
79 16
22 69
84 28
24 0
13 87
46 67
88 75
70 81
55 80
75 14
31 94
13 1
89 51
3 43
10 42
52 32
58 23
48 26
3 74
57 49
45 85
82 34
20 41
84 51
98 70
7 75
78 17
25 32
94 80
90 25
50 77
28 30
42 56
11 40
62 76
45 79
71 92
64 24
38 14
71 30
59 46
54 9
8 84
5 11
93 8
42 40
40 28
34 52
64 8
44 3
70 58
27 86
43 89
0 16
10 11
88 18
96 80
47 80
85 52
94 93
18 27
78 68
26 43
41 34
8 87
65 74
4 29
53 27
9 81
70 81
97 22
34 54
89 59
92 3
27 88
69 20
38 39
5 6
96 57
7 22
91 98
93 23
9 9
66 53
27 51
88 16
85 18
73 32
92 37
61 47
61 53
0 18
32 86
36 63
68 60
64 46
65 58
3 3
17 81
28 71
99 63
75 92
30 86
82 43
88 3
1 69
8 23
20 23
90 6
30 64
7 99
26 23
48 33
99 38
89 69
49 30
31 75
72 27
40 85
21 40
92 87
71 67
86 20
35 23
31 14
66 96
62 92
22 90
76 95
13 48
88 41
63 28
19 82
69 89
71 31
28 30
59 80
10 67
51 86
51 35
56 2
33 65
30 78
57 53
88 15
32 89
71 31
8 49
62 85
58 21
58 3
44 90
33 80
14 25
46 65
23 99
19 77
49 89
45 87
94 69
21 66
46 27
14 98
51 21
93 82
19 92
62 80
57 6
8 75
58 64
87 23
35 3
25 9
3 6
91 36
63 48
50 70
22 28
52 98
20 3
44 88
20 72
49 96
74 45
24 31
29 23
71 82
4 29
53 16
29 17
41 48
99 82
35 48
4 79
51 88
78 94
31 75
53 31
92 26
21 37
81 23
86 48
9 91
7 26
7 68
91 45
22 98
95 97
2 16
41 32
5 54
3 66
60 40
88 68
94 90
57 99
84 85
52 90
80 11
31 7
83 14
8 25
3 89
92 35
50 90
33 74
51 61
12 27
70 1
54 56
42 93
29 74
7 77
23 44
17 29
58 70
74 42
96 15
7 40
85 54
77 26
6 19
20 30
99 5
87 12
45 25
81 76
38 94
86 89
6 0
16 1
58 47
89 57
35 38
53 11
55 61
37 81
12 30
3 42
98 55
15 3
51 55
19 5
38 75
37 65
80 29
61 16
25 78
