49 34
22 95
38 65
81 95
72 23
72 75
13 82
87 63
42 39
16 46
37 64
85 79
14 13
37 87
58 92
32 61
42 32
8 64
9 18
53 56
75 89
93 36
13 34
33 36
67 64
25 8
14 83
22 34
52 20
48 41
3 31
80 25
36 60
62 69
1 46
77 12
3 0
0 75
22 55
18 88
60 32
27 20
27 70
86 84
37 90
41 29
24 1
87 12
44 51
10 88
13 8
66 68
40 26
95 97
48 51
23 67
55 17
14 78
70 38
33 2
94 63
65 50
54 88
71 64
95 84
15 6
47 57
82 67
26 0
12 50
5 88
46 52
45 92
85 99
58 93
44 79
53 24
34 41
50 64
3 19
18 47
31 0
39 86
86 8
55 44
83 76
59 94
68 35
75 8
15 29
70 84
83 61
50 42
89 38
55 95
69 97
56 28
76 63
32 0
22 95
90 12
13 80
0 84
33 19
69 96
40 67
32 92
95 1
60 25
2 66
80 82
77 16
0 33
34 43
61 5
14 5
5 67
90 32
39 9
65 45
77 96
75 26
19 31
18 48
51 11
87 45
15 21
71 30
54 26
82 9
71 30
1 84
58 69
18 88
27 33
95 47
53 11
47 8
79 79
28 51
67 69
50 32
61 92
87 94
21 93
38 49
54 69
86 67
80 9
71 42
4 32
29 23
50 84
60 11
89 38
5 93
31 42
56 74
86 73
22 53
12 34
42 80
16 52
22 23
93 44
80 96
66 18
29 43
49 1
87 59
33 15
21 47
75 1
26 2
16 75
29 56
87 78
51 94
66 37
7 29
55 79
36 59
66 90
22 70
3 20
78 55
99 24
60 65
0 30
55 37
37 5
45 93
14 25
68 28
33 28
21 60
27 58
23 74
32 12
41 15
17 23
3 65
15 21
60 77
51 37
55 28
29 54
36 66
57 12
95 49
2 23
75 12
67 87
75 62
15 7
77 13
42 98
10 15
92 60
76 32
26 90
30 13
31 11
70 68
86 99
2 79
83 78
93 49
45 81
61 98
59 88
74 24
3 37
20 30
8 75
75 52
7 71
63 4
16 0
13 7
19 94
35 32
97 4
13 71
92 39
87 10
96 3
30 61
47 67
36 83
10 84
50 12
12 66
43 99
7 39
57 38
76 83
40 85
97 84
19 10
62 36
35 0
70 16
39 38
18 4
81 75
37 20
64 57
80 73
5 18
7 34
63 33
72 3
9 65
99 18
94 51
28 49
10 96
84 1
46 53
53 29
65 41
78 93
15 24
73 33
1 64
57 86
33 63
26 31
65 73
56 92
97 78
99 2
35 22
65 71
38 84
12 92
69 82
45 63
25 8
9 96
95 7
23 33
12 19
0 0
54 22
42 72
71 41
65 38
46 99
67 27
49 19
24 42
63 15
77 54
61 42
16 98
83 0
1 7
9 49
57 36
75 4
70 19
67 56
64 17
32 67
90 33
97 4
61 78
39 57
71 80
76 4
14 76
36 9
55 27
43 19
52 31
31 86
29 40
3 22
72 36
90 36
23 16
46 25
36 28
80 27
27 4
72 52
18 3
70 79
70 11
19 7
42 25
6 23
52 50
40 70
27 79
5 57
20 91
90 5
33 52
43 77
32 19
94 79
72 40
42 17
42 10
20 14
22 29
62 3
5 71
87 28
67 87
60 20
95 12
62 32
51 71
78 47
59 54
47 99
1 31
70 3
80 74
39 4
87 63
68 12
1 46
28 21
2 55
67 80
38 47
71 13
79 20
62 45
97 5
35 53
96 4
73 29
47 37
17 70
22 20
50 30
41 89
81 91
2 53
23 6
71 75
62 47
97 24
63 49
99 92
30 44
14 8
47 57
12 32
22 18
9 60
66 44
77 46
70 39
21 77
95 50
9 17
0 29
99 5
29 42
66 39
64 91
15 77
57 6
38 27
45 86
66 23
9 93
7 97
37 0
37 15
25 51
64 80
81 75
45 8
5 62
42 84
42 17
11 5
54 64
90 91
23 85
11 73
31 34
82 68
62 35
17 50
61 55
61 37
69 77
31 53
63 83
49 5
86 51
51 66
23 23
66 73
85 54
44 57
95 37
53 80
25 52
18 77
17 63
88 24
53 74
91 18
75 22
33 80
2 68
24 41
52 39
59 27
26 60
65 6
50 98
33 15
81 54
97 54
53 9
63 65
35 60
21 36
93 67
45 69
71 40
94 81
26 20
39 37
8 4
3 39
32 83
86 10
65 5
58 69
83 53
36 24
39 6
28 27
67 30
43 17
63 23
49 88
47 37
64 91
75 65
86 16
91 98
45 77
20 29
22 44
9 11
3 81
46 14
5 52
85 31
17 89
83 64
87 31
78 59
7 58
10 63
22 92
39 77
49 45
52 31
14 51
73 94
59 28
55 93
28 87
31 99
48 21
33 34
18 73
13 13
25 10
1 46
13 16
31 1
10 32
10 36
87 60
45 93
64 96
67 60
85 31
76 5
75 9
8 85
96 35
72 73
33 52
39 7
93 44
60 43
99 36
86 69
61 14
25 68
44 8
98 68
20 31
94 12
7 9
8 35
77 79
21 69
20 91
47 21
86 78
88 31
68 54
50 42
96 23
79 77
6 50
10 57
11 37
97 61
47 70
83 73
95 20
15 22
77 19
21 11
97 34
92 41
83 28
98 79
79 86
94 21
92 74
77 29
68 80
97 72
42 94
98 93
71 55
69 10
59 27
4 37
22 33
45 19
93 12
36 62
45 41
62 23
42 19
64 54
55 73
1 72
65 10
24 55
41 27
51 47
69 43
87 7
85 16
13 16
19 65
81 96
21 33
85 19
96 67
41 91
46 43
17 56
12 88
56 63
14 9
6 99
64 94
28 22
98 81
81 61
68 73
90 12
93 13
8 88
13 14
19 45
91 81
97 60
37 65
53 76
51 12
95 19
91 95
5 34
51 57
7 51
73 90
16 81
99 62
76 96
18 70
6 41
21 22
96 70
95 5
5 39
71 20
66 7
46 60
80 40
23 86
96 68
61 9
85 61
47 32
18 75
73 87
97 24
72 47
68 51
28 76
26 43
82 50
54 96
56 39
7 92
16 45
0 23
37 52
1 72
58 26
49 13
72 7
81 89
30 13
72 99
64 63
67 8
36 37
92 66
86 83
45 40
22 85
44 20
6 95
75 85
35 87
9 87
63 36
79 31
10 5
11 27
40 91
63 88
9 40
63 75
79 31
15 93
3 93
78 52
7 6
79 46
55 26
14 5
94 47
1 23
53 12
2 62
65 88
92 5
10 82
64 24
9 21
64 12
10 89
54 17
81 17
25 19
88 66
45 82
86 2
34 15
52 36
55 82
85 65
75 10
5 4
6 43
65 28
70 19
15 36
23 59
60 18
67 60
38 13
45 38
27 6
51 61
98 15
95 65
97 19
84 63
78 54
29 98
64 28
62 40
74 85
66 36
84 72
34 10
15 59
62 23
94 78
47 76
60 78
95 74
67 68
91 39
12 94
49 34
79 84
64 70
13 40
38 15
37 66
80 14
23 94
99 63
97 54
97 5
77 24
40 55
89 6
30 68
89 33
28 27
3 60
75 56
45 44
52 83
15 72
68 72
83 63
99 35
55 10
46 30
88 23
18 74
59 84
90 83
28 92
66 79
29 58
61 19
97 2
74 96
14 47
67 1
72 32
52 65
89 13
13 93
80 47
30 69
78 19
29 11
33 82
25 23
60 80
80 89
82 16
51 42
48 47
86 38
95 85
24 53
43 97
31 52
61 22
31 27
81 19
22 79
80 17
68 61
42 16
30 69
80 54
62 37
86 75
29 56
73 51
20 20
30 64
6 53
60 5
92 93
87 47
20 44
19 49
35 26
24 57
21 24
50 40
92 36
16 48
70 13
68 43
61 81
5 2
2 35
52 89
91 97
78 97
45 54
4 25
30 67
41 34
74 98
69 69
36 82
41 90
58 17
17 37
93 46
60 47
51 55
6 31
19 11
3 3
8 29
52 73
49 58
23 75
40 49
92 46
22 71
85 51
49 27
9 68
21 41
46 47
88 40
60 4
30 26
0 69
46 70
21 12
19 40
28 0
53 18
41 57
65 41
41 54
56 70
74 46
61 57
18 69
13 66
22 76
92 60
55 27
94 93
15 84
69 76
0 29
99 14
14 54
39 96
32 59
31 88
99 12
28 27
7 20
74 53
90 15
86 84
76 15
72 83
18 18
25 38
55 20
17 30
24 75
81 41
0 61
68 8
75 2
40 17
15 0
77 1
6 12
12 82
95 89
5 83
44 10
29 20
89 33
18 81
60 82
14 54
25 6
31 37
63 49
51 57
38 77
27 34
29 42
31 24
97 46
59 94
23 33
85 76
9 17
34 69
73 28
4 77
60 37
9 82
87 2
5 89
12 84
79 79
30 35
27 77
72 91
17 15
4 74
28 76
96 23
92 75
89 47
25 34
0 60
95 97
54 75
24 32
82 47
30 71
25 81
96 33
91 7
59 98
86 93
15 93
86 39
13 66
47 71
73 71
69 41
91 53
93 19
12 93
1 35
27 73
15 64
59 60
11 71
88 32
73 5
53 18
77 57
29 42
58 68
80 26
39 24
35 32
29 16
85 81
50 33
4 35
66 5
2 87
1 81
66 47
56 92
35 92
69 57
38 95
92 12
74 20
64 74
55 49
70 5
31 59
83 44
39 64
9 51
36 6
94 9
83 52
17 35
14 70
15 22
71 99
92 69
49 73
50 44
50 95
29 27
93 18
99 15
41 32
58 68
89 3
65 90
49 91
60 76
98 3
10 73
93 28
12 17
67 49
43 75
92 11
65 96
73 75
42 84
61 96
67 79
15 12
34 24
6 26
66 3
67 54
97 34
25 89
72 84
88 23
42 7
58 82
53 98
65 96
13 56
27 56
0 9
39 94
94 4
75 43
77 56
19 31
2 19
92 91
53 13
14 69
45 30
80 55
76 11
16 45
28 7
4 27
30 69
14 44
58 81
21 88
96 62
42 47
94 43
94 31
4 57
72 85
6 47
26 89
42 56
0 59
77 2
77 43
66 55
11 19
47 37
42 22
22 0
5 9
64 62
5 11
79 88
9 26
31 72
4 19
29 61
35 42
32 52
65 82
99 79
37 93
80 95
88 7
4 78
77 28
39 35
97 76
2 47
21 79
91 47
92 59
51 67
7 95
58 86
55 21
81 21
65 38
13 53
2 12
22 47
76 55
13 9
87 76
50 99
2 53
60 85
90 17
54 46
32 58
67 49
61 8
19 9
6 28
83 33
87 46
90 34
37 40
6 36
7 60
68 32
25 93
83 42
99 41
31 44
34 90
82 31
9 68
1 19
90 67
88 70
95 16
90 3
3 20
47 6
7 83
1 69
34 28
64 7
29 93
68 60
58 60
42 16
51 27
50 6
85 47
93 14
46 9
28 35
49 33
85 14
72 54
63 10
78 32
83 24
21 39
7 41
97 78
13 55
95 62
90 56
33 27
52 63
71 2
11 45
27 47
19 44
74 93
18 97
58 23
33 34
8 75
47 99
49 40
43 69
70 85
52 64
13 34
63 18
72 95
54 8
30 26
62 84
45 23
94 5
2 74
87 43
89 68
55 66
5 0
29 72
8 35
95 39
28 99
47 66
21 65
12 27
93 17
19 62
70 84
18 57
70 59
88 20
37 28
11 57
48 72
13 22
54 12
59 29
25 7
47 84
73 54
35 9
9 56
98 9
14 73
83 66
75 20
61 11
23 4
79 77
92 51
4 96
6 24
32 78
23 79
57 75
8 74
48 81
76 9
47 48
70 5
28 99
39 58
59 86
77 4
96 33
36 63
24 89
68 69
58 2
87 75
77 17
95 40
54 22
64 30
7 5
28 7
54 72
63 51
20 5
58 40
92 89
44 38
82 42
43 29
55 91
8 28
85 53
89 29
71 22
11 48
98 46
78 28
60 60
33 97
65 16
68 98
34 34
58 7
62 89
36 4
67 41
22 92
45 89
43 61
82 66
42 80
31 42
27 79
5 40
43 80
8 69
72 37
92 77
25 29
56 34
95 60
40 3
44 27
30 31
49 10
18 47
16 63
35 54
51 0
93 58
48 62
94 66
58 3
34 75
55 35
1 49
67 6
16 65
35 4
79 40
10 33
62 96
92 17
22 49
67 46
87 18
36 2
73 21
14 80
42 76
6 8
51 2
86 97
63 52
90 31
68 13
25 33
82 43
26 33
68 33
28 0
46 0
33 98
77 63
30 58
56 89
88 74
80 6
83 56
20 57
47 10
21 87
10 36
83 4
91 82
20 18
51 18
85 97
29 52
48 50
33 28
44 87
96 31
94 92
20 35
74 92
32 19
28 76
36 4
91 87
19 49
33 5
58 88
63 86
24 65
68 13
32 4
92 22
68 94
86 12
51 81
59 69
17 11
6 22
99 64
59 27
74 0
26 3
56 19
94 11
11 54
29 26
6 68
23 79
67 72
99 62
7 44
80 97
12 49
70 78
11 69
92 49
44 60
69 59
29 60
84 9
68 91
22 98
2 38
42 42
85 65
28 34
7 5
60 20
74 60
39 16
11 79
9 48
61 33
88 26
63 32
95 40
94 76
51 95
66 69
2 93
81 85
40 90
91 21
19 60
53 13
63 57
16 70
19 0
47 30
0 51
94 1
28 60
51 24
74 83
98 65
95 38
34 9
17 61
84 8
70 5
45 24
74 26
78 65
