94 86
64 40
54 37
70 74
95 63
51 72
23 27
43 52
66 64
46 1
61 31
25 64
40 17
94 20
57 2
84 25
83 98
41 93
29 24
21 62
18 61
86 62
22 85
41 22
85 84
19 2
89 92
11 57
35 29
70 37
44 30
66 1
67 33
41 52
31 98
41 98
24 90
12 43
37 8
33 34
41 94
40 5
21 0
16 72
94 50
81 52
76 19
69 18
92 66
17 6
26 73
93 46
17 88
66 6
9 36
20 69
99 55
97 34
29 93
47 32
90 56
89 37
60 32
33 61
59 40
0 11
40 23
68 9
36 8
44 70
81 47
77 53
70 74
73 8
93 67
29 68
80 95
34 49
97 39
70 58
18 86
36 9
59 27
80 21
63 87
42 50
95 60
53 3
25 35
91 76
17 27
17 26
29 66
89 13
6 33
68 33
96 54
45 68
60 37
78 73
52 42
31 59
32 50
87 2
31 47
92 65
60 68
14 97
43 35
42 32
67 64
32 3
38 82
12 44
56 68
85 47
81 91
41 25
63 6
60 0
7 25
31 59
9 80
30 76
40 60
98 24
89 0
36 86
85 84
94 75
78 15
66 94
31 99
86 42
35 99
63 42
15 87
4 5
62 76
58 40
42 53
14 75
9 14
10 36
71 66
64 98
68 99
16 19
93 48
4 39
78 80
93 11
65 84
96 38
40 50
72 55
89 63
51 32
7 94
50 12
43 62
63 86
12 31
75 9
93 28
25 79
36 7
76 11
54 49
56 35
29 51
63 12
83 83
58 4
54 80
48 62
11 98
95 15
87 3
68 70
48 67
67 79
22 92
11 61
23 77
95 97
43 97
83 76
52 81
73 3
79 23
54 34
21 87
37 58
40 11
70 98
45 66
49 60
4 75
43 24
