28 78
52 27
0 88
14 57
30 92
6 46
50 29
96 16
36 63
77 4
67 86
12 17
3 79
25 66
1 81
55 92
40 97
30 33
88 48
64 67
37 87
27 28
99 60
46 46
45 53
91 82
58 67
0 45
36 11
99 30
8 30
68 21
93 2
36 85
42 41
81 52
99 60
17 37
25 76
12 38
32 75
36 1
95 17
33 64
92 22
74 11
99 26
36 25
3 43
27 26
11 88
80 96
71 92
16 12
29 29
60 28
3 1
21 94
64 85
15 69
95 13
30 13
57 78
25 57
67 84
91 20
81 25
59 39
89 77
34 88
29 93
69 4
26 66
75 42
92 56
60 33
8 43
25 16
61 40
64 6
85 3
75 4
28 51
94 34
42 18
26 57
66 18
81 76
70 65
74 37
96 7
93 83
23 44
89 46
95 77
7 75
7 1
32 77
88 92
73 30
78 58
1 56
30 8
89 62
59 94
12 83
78 92
97 96
77 54
41 80
95 57
36 80
0 54
88 1
54 7
37 88
30 21
45 81
20 22
42 12
53 99
75 11
32 50
69 24
85 81
24 67
18 64
73 84
48 74
43 36
5 99
62 12
65 96
79 25
20 3
72 41
61 57
57 26
81 40
11 39
10 88
78 84
26 36
26 51
67 5
93 99
48 70
55 10
63 25
32 41
5 29
55 3
70 84
91 73
36 96
41 5
51 8
24 9
14 35
60 22
54 41
75 41
97 86
80 80
18 37
47 32
71 92
92 78
4 63
12 39
86 17
34 82
54 77
86 22
43 35
86 20
56 71
40 60
68 78
9 20
67 94
12 63
89 98
12 91
9 4
36 65
8 70
78 41
56 0
26 33
14 32
86 80
68 42
51 29
3 58
97 63
35 63
7 99
86 98
7 51
56 17
77 93
97 25
68 16
45 32
13 29
56 91
50 4
48 57
1 53
23 71
82 37
21 18
87 70
48 36
86 20
79 25
74 40
38 17
16 75
51 96
14 53
47 9
52 36
70 90
66 54
92 59
9 51
90 64
84 59
54 32
58 2
30 91
54 85
81 24
88 22
60 17
8 6
51 1
38 70
85 32
73 78
28 67
80 6
8 85
34 12
23 79
37 63
64 73
17 95
60 81
68 13
54 82
26 67
90 21
48 77
26 55
97 22
14 53
33 27
89 20
33 82
2 72
75 68
44 8
45 66
25 12
44 7
72 31
22 52
36 95
59 60
21 9
84 99
56 43
35 28
71 61
11 90
66 65
16 51
75 13
36 95
5 86
22 42
4 66
55 82
26 94
52 33
44 37
99 13
53 98
15 92
23 79
39 9
49 39
79 7
65 19
62 72
92 5
64 28
1 87
15 90
4 18
11 23
80 22
94 71
93 12
7 86
64 70
56 87
99 16
64 4
4 24
58 3
54 9
48 70
17 56
53 43
92 11
35 1
26 49
10 13
82 30
32 93
22 34
21 74
58 76
83 29
73 77
25 51
68 11
59 20
71 84
56 95
77 5
89 36
5 4
97 68
87 99
92 74
6 69
95 96
66 17
18 53
77 81
71 7
88 59
99 44
37 40
32 62
34 82
65 74
20 91
58 39
15 36
97 52
8 1
38 36
91 27
0 21
4 22
67 87
21 14
25 25
58 91
29 23
65 63
85 40
14 69
27 8
6 25
18 25
32 28
43 49
84 90
15 73
6 29
30 49
47 61
13 83
87 62
71 46
64 26
10 70
75 30
60 69
60 36
57 96
45 98
86 3
59 13
39 79
9 52
37 37
49 45
45 22
47 24
31 39
15 45
93 64
50 84
60 86
86 76
54 39
51 8
7 41
97 76
91 11
44 67
56 53
78 26
20 5
25 4
16 25
6 52
40 62
94 80
24 72
72 57
3 81
96 24
8 67
77 13
15 31
6 8
4 51
38 65
93 51
83 23
82 45
70 31
9 53
38 51
16 0
89 91
10 12
93 38
88 62
30 11
89 11
37 21
38 53
93 34
39 57
98 57
82 80
54 31
28 0
86 76
59 32
8 15
65 23
74 35
91 24
19 41
51 70
33 45
58 2
10 44
39 45
27 28
23 8
14 5
38 97
35 83
64 78
54 33
42 63
68 96
87 27
43 6
60 45
78 21
44 21
15 11
90 39
92 8
62 72
26 79
61 46
19 56
70 78
76 91
24 27
98 22
74 10
67 22
75 78
0 17
15 17
82 35
48 56
3 63
21 87
32 35
95 61
83 86
22 8
48 71
53 63
14 82
6 96
80 21
64 39
58 87
14 95
40 9
87 36
87 11
24 66
11 32
34 98
75 35
65 13
92 11
8 12
40 91
48 22
69 74
32 59
44 51
18 3
13 54
88 83
59 9
70 65
61 46
8 8
66 32
66 65
25 54
99 62
54 2
51 11
28 49
79 4
22 99
71 6
81 79
49 45
9 68
17 65
29 28
57 18
99 88
60 42
33 19
99 40
85 40
60 52
87 83
81 61
81 24
45 76
63 60
29 3
15 84
0 71
42 4
21 33
58 41
26 39
71 96
89 18
46 43
37 20
65 89
96 60
20 77
21 11
30 54
1 2
85 7
73 36
81 81
60 64
60 24
78 97
87 64
36 49
81 40
18 10
52 82
99 10
57 47
5 86
41 29
48 94
17 21
72 14
72 92
99 86
80 57
93 64
65 46
90 26
41 49
89 4
15 28
30 68
61 64
55 15
4 26
73 11
93 60
10 36
2 60
94 13
94 66
54 71
8 70
14 71
90 6
91 56
22 28
85 33
7 35
47 51
61 38
34 67
91 45
89 8
62 86
28 5
51 27
23 46
28 72
30 43
28 5
47 8
3 16
17 58
65 96
55 2
1 22
9 74
21 43
39 42
15 69
32 94
66 31
39 41
72 16
94 71
45 82
14 27
26 85
67 92
3 93
61 79
94 35
85 95
95 55
91 1
86 37
23 41
43 80
38 91
74 38
0 20
96 9
65 69
4 45
21 52
20 87
93 63
54 87
67 14
12 29
61 80
83 23
78 12
17 3
2 97
25 19
0 68
3 19
90 65
24 96
95 7
8 88
79 1
23 27
19 36
74 97
67 2
35 46
25 85
30 1
30 32
70 80
59 27
82 55
22 40
1 31
36 99
29 6
39 24
84 54
23 9
24 33
73 50
63 30
63 77
21 15
34 72
37 5
25 67
94 47
95 44
59 64
56 84
30 32
84 95
94 49
71 68
12 44
51 11
70 42
8 0
48 17
64 58
82 86
35 84
23 7
18 23
34 84
89 98
68 50
61 75
50 32
73 15
80 82
73 58
60 62
56 36
35 29
50 70
61 93
34 82
77 59
79 0
7 29
69 48
75 57
5 19
69 48
0 11
82 77
27 46
77 64
82 47
41 66
80 43
32 73
30 86
14 81
78 94
56 93
41 29
37 28
29 95
5 75
39 1
20 1
59 42
77 40
58 96
56 7
93 91
77 69
66 72
95 87
71 57
35 49
90 66
1 92
28 32
81 58
88 59
7 58
36 71
16 35
95 11
20 82
0 73
50 66
22 34
59 20
59 35
83 4
96 81
13 38
18 85
51 67
67 67
58 88
38 98
72 11
14 55
70 96
36 64
53 66
39 63
25 80
81 58
49 75
18 80
70 46
93 31
86 81
50 6
4 13
73 25
80 40
37 34
10 69
26 74
29 77
69 61
20 73
50 56
51 93
97 77
6 43
11 91
86 96
35 82
31 91
21 15
8 20
10 28
7 4
86 71
93 42
51 76
30 83
2 92
52 30
93 30
99 82
2 72
16 62
28 74
44 7
95 48
42 9
43 40
10 81
45 42
75 80
11 61
77 74
76 29
66 49
34 7
6 49
3 37
64 35
55 6
56 85
34 94
9 97
79 78
96 76
90 76
95 60
85 59
18 14
16 18
91 87
4 84
18 94
18 0
32 68
2 45
2 22
20 13
13 90
93 61
41 2
36 68
61 93
73 17
76 21
1 12
59 50
46 53
44 86
2 48
43 16
75 22
79 55
17 83
10 30
4 43
15 77
30 55
97 60
11 14
89 43
95 2
18 47
91 69
20 92
70 81
78 70
89 83
9 39
36 50
92 29
22 71
1 19
66 69
83 53
71 30
86 51
30 81
38 40
22 16
39 85
35 84
40 14
81 60
31 70
27 3
12 42
18 62
44 63
35 22
37 46
89 23
91 69
5 35
37 20
45 96
14 72
59 22
34 13
47 67
10 11
97 77
20 48
16 8
18 4
99 13
8 95
11 45
47 20
16 53
40 12
7 47
54 53
48 62
84 19
4 28
81 63
44 75
36 73
12 5
22 66
81 59
3 55
72 76
72 0
9 69
58 99
15 87
78 99
55 10
67 3
79 18
11 44
30 25
35 23
20 7
3 93
96 53
32 31
94 82
29 81
58 20
90 79
4 75
46 57
13 88
72 18
20 40
89 8
69 50
73 56
36 4
96 69
91 43
87 44
12 3
35 30
69 41
54 39
9 7
15 83
3 28
89 79
35 24
37 75
41 72
22 64
38 25
2 60
20 46
32 29
21 61
81 63
6 73
45 58
77 32
25 96
28 87
17 74
54 44
56 98
34 36
41 95
0 73
77 83
41 73
36 59
57 98
89 16
50 3
9 36
97 91
4 59
30 94
3 94
16 73
82 49
10 64
67 89
38 72
54 99
37 90
15 88
92 33
86 48
68 30
54 46
55 85
2 85
20 23
2 98
83 49
82 26
98 26
35 44
80 47
90 28
65 0
9 22
62 50
4 59
25 49
74 8
16 68
50 65
41 83
63 92
75 78
63 98
4 47
14 7
56 33
36 98
23 48
78 18
14 6
12 47
6 67
9 97
32 61
42 27
50 38
39 37
38 54
16 58
57 26
81 85
20 99
31 9
54 55
27 2
85 69
63 78
75 43
21 66
71 96
43 15
27 55
24 86
24 7
75 19
71 95
10 91
94 5
24 24
61 76
55 18
99 74
70 85
46 46
99 2
74 78
22 96
14 70
14 41
11 75
11 17
40 86
91 4
36 78
17 94
61 77
26 98
95 14
13 93
93 48
92 0
39 83
9 86
69 86
93 37
34 7
42 53
50 38
68 61
31 19
40 93
51 50
73 55
72 46
60 70
75 38
60 67
22 70
80 13
51 89
45 50
54 77
75 54
19 22
12 72
17 29
41 94
7 39
14 12
71 26
23 0
89 55
57 50
73 23
61 90
35 95
88 31
39 38
69 61
69 90
11 60
20 68
10 55
6 99
6 41
70 72
31 80
49 57
33 89
91 17
67 25
39 20
36 67
83 95
24 35
8 52
85 23
30 28
23 40
76 80
17 35
10 47
34 48
90 7
64 91
4 15
53 51
90 72
85 61
38 98
98 3
52 76
32 30
92 39
13 65
63 29
26 9
47 72
30 32
95 86
12 36
78 75
4 82
3 74
25 41
82 70
41 12
65 16
92 30
23 3
65 61
30 28
41 16
26 57
13 22
47 33
95 4
44 99
36 90
95 5
74 97
2 51
62 19
21 61
43 95
61 39
38 70
79 49
57 97
79 66
54 70
12 6
1 26
61 97
34 15
16 74
42 37
8 72
19 3
0 11
14 84
28 70
6 63
99 35
18 48
55 98
3 15
35 72
13 62
90 80
7 94
11 9
13 73
72 54
32 1
98 79
30 34
28 21
34 80
38 7
28 21
64 0
10 34
75 21
66 3
6 72
73 17
4 84
60 24
89 29
22 71
73 15
80 73
63 54
69 4
96 99
62 40
58 2
82 12
55 1
24 0
25 58
65 4
5 57
79 58
66 89
77 77
9 59
5 62
80 16
64 47
53 10
26 54
26 74
59 45
40 88
88 15
66 44
65 17
48 41
50 45
32 57
37 3
3 16
23 59
36 22
20 76
12 93
23 0
23 18
13 63
42 67
23 99
26 54
62 84
47 1
23 41
79 88
13 87
86 57
61 9
97 58
59 48
71 57
52 6
18 72
76 79
45 50
15 94
90 43
36 61
85 74
30 0
23 87
24 85
62 42
33 58
50 9
19 83
22 98
36 8
70 47
94 64
64 11
50 62
61 40
60 6
19 9
21 3
90 61
60 59
73 78
23 95
53 15
72 56
72 63
67 0
27 87
0 46
16 53
17 34
18 14
43 89
17 41
23 21
32 91
72 85
89 87
9 15
1 47
73 16
90 26
81 1
52 59
19 35
28 96
42 92
96 67
79 23
16 85
29 97
61 26
88 91
26 11
1 11
20 14
27 26
77 94
53 52
75 54
89 71
64 87
38 67
92 46
33 14
8 53
7 54
15 13
50 24
85 38
12 85
87 91
88 33
68 48
29 43
62 31
21 98
79 40
88 71
98 91
52 50
47 3
36 28
43 37
78 27
18 51
47 94
71 72
76 64
47 88
63 49
22 72
69 67
95 3
49 44
54 97
92 99
89 4
69 32
19 98
62 61
19 7
20 10
7 50
25 38
2 26
0 10
30 70
35 55
7 39
81 37
35 6
81 44
43 33
16 31
79 9
72 34
40 33
1 11
84 22
51 15
89 85
70 23
73 38
94 17
10 48
3 10
52 24
98 35
63 95
59 58
83 17
0 67
32 56
79 96
68 14
51 58
35 38
14 65
30 43
45 63
51 98
71 63
85 65
85 76
54 67
82 45
4 50
23 82
8 54
53 28
42 41
18 32
57 59
29 36
73 70
91 51
8 92
84 85
40 12
77 21
7 67
40 80
40 95
95 7
38 27
56 94
82 82
92 20
9 9
45 35
86 3
38 19
95 56
16 35
32 14
60 15
58 51
38 95
52 87
55 22
62 5
89 97
41 82
28 62
57 41
22 53
20 39
22 25
89 53
65 40
86 0
54 40
73 29
46 71
25 42
73 14
31 68
94 74
75 88
88 31
70 34
74 94
68 21
59 31
82 19
40 28
74 19
23 3
59 11
34 71
58 96
9 65
72 0
46 31
87 96
70 18
48 50
15 22
61 97
27 96
59 29
59 76
68 10
6 38
96 80
32 5
74 81
5 67
81 63
65 9
90 34
44 57
67 13
39 34
99 9
63 2
5 84
83 89
25 92
74 35
96 81
18 3
59 26
0 55
38 0
67 78
6 65
29 61
48 20
11 52
98 1
88 4
30 24
70 3
87 77
16 2
91 45
27 36
26 74
65 73
46 59
21 47
83 14
84 97
60 72
94 49
62 54
66 4
22 68
54 11
18 20
44 36
40 31
89 41
0 32
70 55
97 46
52 6
41 28
32 75
35 29
0 91
89 46
74 49
27 76
51 16
59 75
27 39
62 99
87 80
32 48
76 43
67 96
49 91
37 45
4 67
21 97
59 10
94 40
4 57
50 38
85 11
9 94
49 39
0 98
49 30
36 2
42 19
25 82
14 76
61 9
7 49
51 28
19 3
56 90
96 66
87 87
51 76
28 43
92 53
0 94
52 85
53 31
70 69
78 33
24 82
55 91
25 71
38 58
72 46
97 80
80 9
73 37
84 11
75 39
44 63
27 8
61 94
35 81
68 72
36 88
27 23
57 47
34 50
2 64
98 49
82 83
62 9
65 48
74 85
61 19
31 24
91 90
91 17
63 72
37 6
3 75
59 68
69 96
48 87
14 42
43 18
39 45
19 11
43 13
87 14
27 35
75 92
15 12
94 10
80 4
88 89
92 5
85 32
52 22
95 8
68 17
15 61
18 97
30 24
37 71
28 65
57 64
80 83
15 84
66 33
55 73
80 43
65 6
66 90
43 8
4 38
78 74
8 1
55 89
23 0
84 47
13 83
4 54
34 53
7 6
86 85
74 24
83 73
0 65
51 18
0 85
33 88
0 18
52 26
84 51
58 29
1 14
81 40
48 89
48 98
50 32
75 62
45 18
67 89
83 11
98 58
72 11
9 76
79 52
83 60
53 78
23 70
94 81
17 18
79 82
10 92
95 67
86 40
43 35
21 32
20 15
11 4
91 82
2 69
24 87
45 58
76 40
63 92
82 9
12 7
1 88
69 41
78 84
11 83
69 96
85 46
82 11
12 25
91 50
17 54
98 71
12 28
13 19
31 57
52 46
40 36
65 50
43 58
24 74
18 79
38 8
19 57
65 53
30 97
52 88
19 27
47 52
39 78
64 66
66 10
36 94
64 21
23 61
53 76
85 9
13 99
93 37
92 89
88 85
18 73
71 61
72 11
43 53
29 85
96 89
93 13
16 92
66 47
13 60
78 73
97 42
26 77
39 10
92 1
4 47
99 69
53 32
18 5
58 84
40 95
96 61
52 87
50 36
0 68
63 46
41 31
66 23
21 22
11 33
72 46
40 0
30 83
31 96
63 45
59 73
1 38
43 60
46 88
27 12
74 34
22 17
16 15
76 46
32 51
58 41
6 59
66 72
95 31
9 25
6 1
32 22
68 81
7 21
20 8
47 63
53 46
16 43
59 79
25 17
26 46
54 70
85 70
85 40
24 18
32 56
76 93
26 91
90 94
79 29
65 1
17 75
90 30
33 52
69 97
85 51
87 40
40 56
30 40
46 29
31 18
80 89
11 36
30 2
12 50
15 28
39 26
89 90
80 43
25 48
69 16
84 87
27 26
85 55
25 24
87 35
86 0
87 17
47 8
65 75
98 43
15 49
23 26
6 49
40 97
42 53
13 42
16 40
23 87
71 95
92 54
2 80
6 59
81 82
41 41
8 84
80 37
25 82
95 29
83 49
15 13
85 74
23 39
79 61
79 58
9 44
69 56
28 87
70 88
60 55
15 40
41 35
29 34
55 52
37 67
9 36
6 1
94 94
41 63
28 41
9 9
76 13
31 82
64 76
65 62
78 34
30 27
16 81
56 74
37 31
52 29
77 15
25 58
46 87
17 20
68 25
51 54
75 71
29 76
9 98
48 57
71 79
76 9
63 46
34 52
95 78
26 33
36 92
76 97
93 61
14 41
54 58
3 84
25 4
50 58
33 80
45 88
96 64
98 71
1 88
49 70
46 93
98 31
70 34
58 0
15 26
43 92
34 55
79 25
74 75
11 37
58 1
63 74
0 56
36 91
93 78
69 1
27 7
65 23
99 61
97 98
2 81
18 2
1 95
3 24
36 33
69 48
86 98
35 29
18 19
99 88
12 9
49 90
44 90
4 17
11 54
0 68
61 37
42 20
85 42
15 54
50 28
63 12
28 86
85 77
87 42
62 87
43 25
47 74
44 84
31 96
12 1
32 63
46 51
13 96
55 87
5 52
76 63
77 25
80 10
23 89
93 95
80 12
1 84
79 29
23 71
72 22
6 51
26 65
17 99
57 84
60 22
82 76
97 64
29 69
4 26
60 54
38 6
39 7
82 32
89 39
42 48
67 57
96 12
9 65
17 64
89 76
84 29
51 86
67 82
87 49
52 94
52 62
35 66
26 75
30 19
49 96
82 45
93 13
16 57
56 58
84 53
90 54
32 4
30 57
65 9
5 55
3 10
67 23
27 60
21 48
38 24
81 14
21 58
23 28
81 66
74 78
76 39
19 74
40 0
84 10
88 32
89 47
27 54
74 6
29 17
20 81
68 16
8 85
28 8
96 65
65 88
3 46
32 28
47 70
8 97
85 72
61 3
88 69
79 67
68 4
99 90
82 68
0 33
24 43
92 26
20 34
8 32
48 49
53 49
11 82
63 95
2 58
76 37
3 86
15 52
2 24
31 64
94 89
1 94
97 62
75 66
2 42
40 75
32 43
6 72
0 18
37 37
6 82
55 35
32 44
28 98
63 3
74 81
73 71
24 27
89 78
79 39
97 71
37 6
78 80
57 48
62 27
84 52
10 89
34 32
30 57
19 33
61 45
74 92
80 88
29 26
5 35
54 71
82 73
95 86
10 58
27 77
34 10
9 21
32 14
81 68
0 21
86 99
45 88
48 43
72 76
33 37
68 54
19 93
63 95
42 39
88 3
73 0
8 50
29 78
76 65
29 89
7 48
37 53
46 95
71 72
67 76
75 61
17 35
13 45
1 30
55 63
58 68
96 12
4 63
59 27
44 35
41 67
18 31
36 93
47 66
0 45
41 4
21 89
30 70
69 16
58 91
23 67
35 62
68 6
84 86
19 83
77 30
97 48
62 26
64 10
71 82
15 0
50 40
81 55
72 96
18 5
79 9
18 39
7 1
96 43
83 75
72 47
10 35
7 26
26 70
12 59
1 64
90 38
74 51
58 24
71 63
8 1
95 58
3 33
63 86
95 36
69 41
79 99
62 90
48 41
62 13
96 68
23 70
86 18
87 30
18 96
13 30
59 98
42 5
58 78
50 8
99 71
22 2
86 16
43 4
27 0
33 81
97 56
89 4
68 88
54 67
90 37
70 90
38 30
22 82
34 23
52 72
91 49
46 68
33 18
96 86
67 25
72 65
31 89
16 59
52 42
50 40
86 38
42 10
54 26
72 90
30 94
93 49
62 52
98 42
91 37
52 7
23 29
72 28
33 54
97 83
71 97
5 35
47 96
40 7
90 3
72 18
97 88
73 59
88 32
50 50
16 12
20 79
17 8
3 49
77 59
45 63
72 96
77 87
16 22
73 42
48 71
65 96
69 83
13 66
39 31
69 4
38 10
95 67
0 69
49 77
17 61
64 50
31 39
44 49
38 73
82 41
27 69
15 66
11 77
44 11
9 19
25 73
69 67
99 22
43 75
70 23
50 16
36 88
0 34
28 85
77 8
83 45
21 27
80 85
1 51
5 61
75 64
26 95
37 61
34 38
45 18
96 70
10 53
42 86
75 82
36 90
64 74
40 75
45 51
14 47
30 60
79 90
75 22
74 6
48 7
78 40
75 18
39 12
81 78
3 7
89 73
36 30
73 6
66 33
86 29
95 34
35 42
41 77
16 53
48 94
65 71
87 87
32 46
30 11
38 99
45 80
31 20
46 9
13 66
48 21
77 74
75 88
48 60
43 37
6 62
14 81
24 24
36 10
33 67
87 89
15 74
96 44
91 15
61 69
53 97
90 89
97 78
58 12
76 65
18 73
10 68
55 29
64 1
79 70
25 21
1 36
93 92
1 8
28 1
92 0
68 4
92 3
97 97
1 93
4 81
6 50
29 94
30 69
88 6
35 39
24 13
50 49
18 69
61 48
63 82
43 87
9 66
45 44
49 68
41 53
24 23
15 4
9 81
58 58
48 23
99 12
79 40
44 94
40 76
7 12
1 50
0 79
6 61
55 29
22 36
46 24
84 32
95 62
73 34
24 59
53 66
78 38
54 38
79 91
80 91
87 72
70 39
56 79
83 30
96 55
82 19
94 42
75 41
45 0
73 87
15 45
4 46
51 82
46 54
37 28
17 73
85 77
94 4
54 66
7 54
76 75
16 94
70 79
24 61
45 17
78 92
74 34
56 68
58 6
22 45
91 95
12 64
62 52
85 26
59 32
65 64
41 86
84 4
97 87
30 96
6 41
74 39
85 39
98 48
8 77
78 99
51 48
40 14
27 8
62 37
51 58
52 73
98 59
93 93
87 73
12 79
56 52
98 95
81 53
65 57
15 3
31 84
23 97
60 32
25 84
97 82
49 1
2 32
61 81
96 71
15 99
92 40
38 39
96 72
77 51
73 97
63 91
28 21
4 14
5 64
57 12
78 88
54 12
27 12
27 23
20 95
22 9
93 90
46 72
1 18
28 26
77 86
86 31
86 81
87 73
97 89
22 3
9 76
19 85
97 11
72 45
12 80
45 72
72 36
73 12
43 34
9 36
57 87
84 2
53 7
12 11
91 51
80 70
28 88
46 18
29 90
79 8
19 36
64 63
70 18
99 30
76 12
27 94
25 45
58 11
99 65
20 13
35 6
53 60
47 36
4 12
14 24
81 25
83 26
80 58
93 76
89 65
38 9
54 65
64 61
69 46
21 12
48 26
65 97
34 23
24 90
80 82
64 89
38 31
71 52
17 59
12 35
25 2
31 30
80 5
80 87
25 64
91 98
39 98
20 59
34 1
57 74
41 9
81 65
36 81
22 67
50 46
92 20
63 69
27 52
0 9
97 42
93 95
10 87
86 33
83 42
45 43
0 99
36 1
57 72
7 68
22 6
54 48
49 92
8 70
1 58
23 95
54 60
36 83
99 3
93 83
44 60
40 46
12 16
15 87
92 25
82 71
5 53
85 43
22 15
24 35
85 12
0 12
52 58
69 36
12 6
64 61
94 73
80 16
19 94
73 41
47 18
60 27
80 19
74 84
82 42
62 97
50 42
86 64
3 31
52 17
73 89
18 72
39 81
67 63
13 28
20 15
11 28
12 26
76 56
62 48
57 29
10 96
14 63
23 73
21 73
95 49
38 98
29 80
42 54
0 15
71 63
79 17
0 49
98 31
23 93
46 8
85 73
81 5
72 14
44 54
29 19
98 48
84 83
88 94
88 84
79 54
96 50
4 98
76 49
22 27
47 95
60 33
95 76
13 83
52 29
10 24
94 15
9 84
20 70
94 77
74 55
12 85
85 26
28 71
0 54
0 91
0 47
73 17
6 33
98 53
96 24
68 29
86 16
14 64
25 56
69 86
24 50
65 25
28 17
30 58
99 52
62 87
6 66
16 20
59 47
39 5
70 16
29 4
63 1
44 41
12 38
93 32
34 74
25 16
23 67
33 50
65 24
76 88
37 37
37 50
69 62
30 19
89 64
82 50
80 22
12 46
14 53
73 68
32 6
91 67
19 91
23 9
74 9
92 24
15 71
73 58
2 33
59 25
80 37
23 42
25 70
77 49
97 56
28 99
75 73
98 20
89 57
96 80
38 75
22 50
35 90
56 64
82 12
39 72
59 2
14 57
76 71
27 39
98 17
9 22
57 54
51 37
18 87
26 38
75 35
32 44
16 42
36 4
12 60
62 39
37 43
66 33
86 6
89 38
88 42
30 83
57 2
99 16
28 89
64 51
1 75
71 28
77 29
35 9
36 86
80 54
56 2
47 45
96 56
68 31
57 23
39 69
2 98
22 32
18 6
53 81
62 13
16 15
35 74
24 99
10 12
8 55
39 47
16 15
63 70
8 26
30 7
5 16
54 25
54 1
33 0
79 92
71 78
47 78
32 2
22 11
10 58
55 58
78 60
78 40
26 62
76 36
4 0
29 49
32 72
19 70
61 55
40 2
85 22
47 49
82 52
26 46
57 60
80 70
35 56
69 49
87 26
74 90
7 83
90 40
51 54
3 32
47 4
38 45
3 47
20 38
52 10
59 45
73 4
68 5
76 26
64 83
19 89
73 65
91 65
2 99
83 70
45 66
41 83
2 70
85 67
48 78
56 75
50 88
56 92
40 48
25 98
10 99
5 71
80 47
40 51
8 81
53 72
51 2
64 14
36 52
99 85
56 1
84 36
34 18
88 30
77 23
50 36
81 2
95 87
18 12
11 46
93 27
55 72
43 10
4 5
83 41
97 5
16 31
49 89
78 90
57 39
81 0
63 50
