65 20
74 56
98 90
22 95
77 89
75 49
56 16
12 25
81 3
49 38
53 17
60 77
70 52
45 68
8 8
22 34
12 89
9 53
22 97
96 1
24 26
9 96
63 95
61 78
28 53
0 98
90 14
83 89
91 47
75 98
86 77
99 56
74 52
71 22
97 99
16 62
61 42
8 17
91 94
49 45
44 4
87 1
95 22
5 11
68 9
78 70
66 99
99 72
87 38
65 18
6 4
26 28
64 1
44 78
31 84
55 68
18 61
76 93
42 22
9 47
17 44
46 60
77 22
39 66
56 3
83 16
22 42
19 61
69 63
40 62
28 56
8 86
69 76
41 32
48 40
68 38
16 43
35 65
95 8
23 59
51 5
29 29
91 50
10 17
54 92
79 12
49 38
40 46
1 85
56 74
20 4
83 7
44 47
39 19
79 15
52 87
33 0
80 54
49 92
26 56
42 78
40 11
80 44
56 48
90 71
17 73
31 20
40 33
50 38
90 30
22 3
64 1
95 67
60 39
59 90
32 74
30 1
64 80
45 38
43 3
93 46
81 18
24 70
95 44
41 58
80 37
38 67
2 99
41 55
51 77
75 94
75 62
39 0
32 1
48 37
97 30
83 63
36 87
36 44
78 43
0 49
12 4
66 97
99 74
78 56
19 23
28 69
55 96
0 87
87 69
45 24
69 71
9 54
91 24
45 84
32 51
27 24
73 27
1 58
96 97
43 4
71 40
39 6
20 37
48 71
59 68
36 96
47 24
81 86
96 50
51 66
66 81
4 51
31 73
52 96
79 17
47 97
35 64
58 64
87 71
61 12
37 65
86 35
58 20
79 50
83 92
71 99
42 33
89 78
63 43
26 77
46 88
49 47
66 2
30 35
89 69
4 4
48 41
66 0
93 2
89 72
35 40
69 52
81 16
27 70
1 60
30 35
95 24
51 53
73 46
75 28
45 65
13 77
71 37
29 51
60 47
62 46
80 25
6 4
99 94
96 79
7 78
5 63
38 76
24 94
79 18
10 85
55 71
0 25
75 30
96 89
61 6
1 97
4 28
10 21
61 61
71 32
71 22
85 17
43 35
54 62
97 42
80 22
23 9
76 65
79 33
81 32
95 67
67 66
98 12
86 59
69 32
16 52
35 47
75 48
96 57
12 99
37 31
26 91
99 70
10 10
35 19
32 4
82 44
16 18
24 71
32 86
68 67
98 98
44 31
58 60
91 22
56 80
37 10
69 66
55 98
5 81
48 70
3 60
19 0
60 84
7 21
95 39
77 22
30 30
17 81
32 94
45 6
47 3
14 59
26 62
77 98
0 28
3 53
46 28
56 76
51 15
57 98
47 94
54 12
38 6
48 75
60 33
40 86
3 20
52 78
45 71
85 72
4 92
32 21
31 80
94 67
89 70
4 92
81 74
71 15
49 94
29 18
54 37
83 69
67 77
99 87
73 25
82 79
43 81
0 33
92 27
19 5
60 29
72 4
39 69
29 91
11 15
99 39
85 97
98 42
7 93
1 37
38 86
26 15
44 72
14 10
92 39
48 78
93 25
69 25
66 90
88 25
29 11
18 92
9 23
40 55
35 58
58 60
65 59
18 26
37 44
61 3
21 89
9 69
47 7
7 41
79 47
25 6
37 39
66 3
29 46
36 15
59 51
3 32
16 32
31 40
80 33
71 99
14 26
43 22
20 25
40 68
71 47
19 18
86 81
69 25
74 54
47 25
50 94
6 70
48 40
54 27
19 7
0 43
96 67
30 32
83 40
37 5
37 23
59 62
59 94
41 29
5 48
61 26
46 23
6 51
4 51
60 83
61 76
43 84
48 17
42 59
41 61
72 15
24 84
77 4
14 72
68 16
50 25
3 83
66 84
65 51
29 82
1 37
81 16
73 57
7 16
19 72
20 3
40 31
5 89
5 49
50 37
98 52
58 87
78 84
65 59
51 18
99 39
37 89
51 27
97 78
80 10
72 10
71 78
5 89
80 54
60 31
97 61
71 34
79 68
36 67
3 14
38 64
96 76
70 68
88 10
48 68
91 40
10 75
10 98
62 81
3 73
52 40
34 2
64 72
78 99
57 77
42 70
40 82
85 90
25 11
42 75
92 7
48 69
92 48
76 18
32 38
33 72
18 68
28 77
67 6
58 87
72 40
69 3
65 92
33 30
39 80
90 66
67 4
41 24
2 24
16 92
80 36
5 83
77 78
1 48
82 42
21 20
97 65
43 68
97 7
46 37
87 91
71 18
44 0
56 65
57 87
96 60
59 24
35 48
18 4
23 43
45 11
53 4
2 78
69 43
98 29
32 11
22 74
38 37
12 92
25 83
24 89
33 59
74 84
45 43
4 68
23 94
77 61
22 18
95 66
93 7
39 65
88 93
52 58
35 1
93 79
92 15
84 75
57 58
77 11
10 32
10 33
36 10
57 66
20 97
43 64
27 36
59 72
14 85
31 79
3 94
74 45
5 96
99 17
97 21
85 15
40 40
75 67
65 62
22 65
10 41
7 50
91 25
39 25
50 88
82 14
6 56
71 49
41 22
19 84
88 87
22 59
71 55
92 46
76 5
89 21
15 43
8 77
95 38
11 9
39 60
43 42
87 66
14 57
46 50
9 27
8 88
87 8
1 57
12 74
9 17
6 14
22 53
17 26
25 81
89 42
18 14
37 26
46 43
61 88
5 17
0 99
37 78
45 14
32 67
78 24
23 68
22 47
13 55
69 83
74 99
21 12
27 22
66 24
43 80
32 91
36 83
65 95
41 99
48 22
51 22
84 20
61 9
92 88
23 78
2 40
87 0
72 52
47 63
38 20
27 92
70 41
11 2
24 12
83 62
75 98
28 80
60 25
42 92
97 28
22 25
24 25
29 3
26 26
68 79
4 86
88 2
30 69
0 17
69 47
59 61
0 89
41 41
74 65
73 10
93 73
21 36
98 56
90 11
21 57
71 69
37 65
40 42
88 7
37 83
15 7
57 9
86 99
29 5
75 76
98 65
86 51
1 65
61 15
1 8
0 62
44 0
22 80
20 80
80 66
17 8
80 51
38 94
0 2
63 43
41 77
56 59
30 53
76 89
62 55
84 86
91 23
20 47
81 69
17 81
60 32
16 22
85 56
54 70
60 63
53 0
72 64
76 12
52 95
70 45
26 23
24 89
16 83
38 58
14 42
30 81
90 95
34 77
80 6
73 65
99 6
67 20
90 34
93 1
0 3
25 79
43 19
69 86
17 62
36 37
76 68
42 91
47 96
63 65
1 9
49 17
58 84
87 1
78 29
90 32
18 26
33 37
86 68
46 75
16 1
56 67
66 81
24 32
65 4
83 61
41 34
99 34
6 91
78 66
34 9
61 27
43 75
93 67
46 27
14 97
88 30
90 41
53 16
68 83
92 11
81 94
56 81
15 83
79 93
97 70
59 48
5 42
30 83
90 54
99 10
36 93
74 62
38 27
22 69
34 64
79 62
95 44
88 67
3 94
54 81
10 20
61 59
41 12
3 93
6 76
94 42
71 71
6 13
97 63
38 77
34 40
89 2
83 59
24 46
36 3
32 53
49 33
91 34
49 15
26 71
49 89
72 38
4 8
64 40
75 61
52 32
34 49
36 51
18 3
67 43
45 8
66 22
82 5
1 21
37 64
2 42
11 32
98 4
89 69
55 19
28 54
11 13
80 59
45 6
5 24
38 26
23 56
96 45
19 19
25 18
30 24
99 53
50 61
34 64
20 61
20 27
24 56
14 43
56 44
38 59
29 48
8 92
67 54
21 78
33 68
89 97
89 54
97 58
92 4
21 17
33 0
65 70
30 50
76 77
60 90
46 57
21 4
46 84
31 3
89 60
14 6
46 48
49 77
62 35
72 47
0 11
23 14
10 21
26 5
25 8
7 26
48 66
54 63
95 30
15 62
17 17
40 24
33 51
90 66
49 18
82 41
44 47
96 62
79 90
42 12
24 4
62 76
26 80
61 11
79 10
72 31
33 92
83 53
50 74
21 65
18 64
56 32
32 5
39 86
95 20
21 49
18 63
85 40
59 38
81 43
26 46
49 59
42 5
30 91
77 93
2 30
91 34
79 19
30 2
18 82
18 0
7 68
1 0
20 97
28 80
26 86
21 17
36 88
20 26
36 50
0 40
83 96
20 13
15 41
11 64
0 97
97 13
59 13
17 57
91 35
58 17
76 39
84 98
62 5
32 92
98 37
71 73
71 69
89 39
66 78
92 33
1 57
48 2
88 53
74 34
33 5
73 33
0 49
69 27
99 33
76 29
58 52
94 75
19 41
39 74
53 88
99 91
56 8
63 66
22 50
97 49
46 3
91 10
98 98
97 96
97 36
45 10
24 17
31 72
44 34
13 83
22 63
57 17
21 96
40 75
89 48
93 25
76 70
25 77
71 32
2 65
45 64
27 40
26 23
34 83
67 68
33 50
78 10
4 62
90 60
36 17
37 84
50 95
11 25
29 84
16 0
11 2
57 5
19 57
85 11
8 90
81 49
97 17
39 63
33 53
47 58
46 64
64 26
59 39
20 18
54 2
44 26
45 49
78 72
68 64
21 73
89 36
40 90
6 42
20 10
50 20
36 15
12 67
90 42
55 41
97 9
36 50
24 4
47 12
26 19
43 88
73 73
55 42
76 50
8 89
38 55
72 49
59 95
52 71
36 85
91 75
46 72
6 40
55 16
35 77
41 71
23 58
50 4
59 61
39 2
78 41
46 98
35 60
96 0
14 65
44 6
35 11
82 27
30 59
57 83
75 51
82 87
20 11
9 61
89 42
66 25
12 34
86 44
39 13
57 92
56 45
11 96
89 55
61 93
65 59
91 26
87 25
28 45
16 25
54 46
46 33
69 21
53 22
75 32
6 28
50 42
53 7
54 45
34 1
30 64
52 91
5 69
72 64
15 53
35 73
62 88
58 98
53 55
38 63
8 0
76 47
82 5
24 71
97 36
1 19
11 19
20 48
1 55
61 28
0 85
32 4
31 0
11 65
56 26
76 30
93 57
17 3
77 14
93 18
83 57
71 64
0 49
31 45
31 93
94 4
39 41
16 50
60 54
8 0
16 56
43 52
6 2
67 32
29 7
61 65
14 38
89 11
1 9
32 14
14 24
23 80
3 32
86 58
45 79
50 99
62 4
8 71
73 48
98 94
69 71
19 51
14 15
15 9
70 3
49 31
85 23
37 26
10 93
5 42
9 91
47 14
29 16
80 36
74 81
5 26
64 22
74 61
16 22
92 72
7 81
96 66
56 11
16 18
84 16
87 69
47 45
51 96
99 84
86 8
82 46
21 25
44 95
3 68
73 1
45 83
46 76
8 58
20 6
6 73
42 12
20 60
7 5
12 69
72 41
63 0
11 52
56 46
41 73
39 2
1 43
97 32
94 53
10 12
62 92
23 17
2 97
5 25
88 54
65 26
48 80
90 43
6 5
63 32
67 32
68 41
37 50
18 69
80 89
94 27
8 12
78 73
21 2
23 17
62 13
33 50
53 91
30 67
41 65
25 66
11 17
67 33
31 26
97 96
31 82
39 45
93 88
32 78
49 8
33 13
33 95
68 61
71 33
10 16
59 29
74 49
60 35
53 36
54 90
34 70
84 74
43 23
56 68
69 22
21 8
84 20
4 83
0 87
19 23
14 87
24 38
25 3
47 85
68 89
44 13
64 40
6 10
83 35
56 96
3 17
62 91
59 7
81 30
29 63
29 52
10 90
3 11
44 0
22 2
80 4
59 83
2 4
51 15
7 99
19 4
1 82
23 56
46 60
1 82
27 48
72 30
1 35
75 1
37 11
53 30
18 86
72 95
11 97
41 99
39 22
10 37
35 62
40 42
26 62
78 34
75 76
95 51
94 45
61 77
64 89
42 21
20 74
84 64
4 95
64 87
19 77
20 92
62 66
23 95
93 2
81 6
20 26
88 84
3 93
79 36
79 68
81 59
23 13
58 63
57 52
9 74
67 3
93 93
26 36
60 49
98 2
32 39
58 18
75 92
71 65
32 27
95 92
15 6
59 43
83 85
63 59
14 1
62 28
62 85
81 33
57 39
14 77
37 29
41 34
29 73
20 46
6 18
72 69
48 77
88 21
65 38
95 28
50 63
60 23
28 51
46 54
93 34
31 12
30 71
15 68
16 27
23 33
9 71
33 48
59 39
58 64
38 52
8 1
18 38
27 70
45 61
83 74
8 1
70 71
52 40
73 92
59 47
6 71
25 54
3 18
53 31
79 16
1 22
56 81
85 39
4 69
45 39
97 9
15 91
30 27
52 92
42 58
29 36
68 18
95 73
74 45
30 14
30 42
83 68
38 99
31 95
88 55
80 60
64 7
30 44
56 17
10 85
88 18
63 52
34 28
24 28
94 14
86 45
90 46
27 28
73 88
32 58
48 57
93 70
82 64
32 31
24 25
90 40
53 68
1 70
26 68
14 94
82 17
34 72
93 18
11 70
90 0
64 26
60 62
9 28
50 65
54 12
71 85
12 6
11 21
57 77
64 51
21 34
65 47
51 63
8 97
77 31
53 37
25 3
67 25
58 81
68 46
85 20
25 15
59 71
50 8
8 88
87 99
33 26
49 31
51 47
44 66
99 77
3 9
98 77
68 85
17 54
66 88
12 76
82 71
94 83
84 91
9 89
6 35
82 24
2 83
80 91
80 75
70 0
33 20
22 22
29 21
77 75
54 30
74 20
95 30
16 0
84 17
37 3
74 87
73 39
69 79
41 1
22 79
15 23
82 77
2 32
15 25
45 15
0 11
50 74
90 93
37 72
36 87
53 80
87 33
38 46
18 62
43 37
79 8
30 45
55 23
30 70
59 99
55 61
35 36
69 28
12 17
76 38
25 50
97 17
8 58
25 18
95 67
68 70
73 61
41 0
69 96
46 52
41 82
14 11
72 61
42 49
93 73
90 53
44 30
2 99
15 42
98 82
24 79
72 49
66 26
98 52
25 14
12 48
6 0
77 93
68 15
26 19
39 26
23 37
26 67
36 66
77 76
70 4
11 6
9 2
17 19
83 2
4 86
18 14
96 42
32 12
94 37
6 93
55 38
81 59
3 93
67 3
49 95
63 94
93 84
72 59
61 58
49 31
84 40
9 45
10 55
29 15
39 43
5 87
83 2
33 28
88 26
55 58
0 40
87 38
94 5
73 98
13 51
88 61
90 88
39 55
99 72
16 94
39 13
21 86
71 0
34 28
86 93
70 87
59 50
47 59
23 67
35 22
3 21
9 47
66 7
52 80
65 63
12 97
26 10
84 83
66 77
81 62
26 74
28 15
91 69
76 96
81 58
17 52
25 41
62 89
65 52
81 9
8 7
1 80
8 19
43 36
31 55
83 36
17 78
62 33
94 85
89 14
7 51
60 56
20 10
68 69
73 84
80 38
84 93
53 75
67 11
74 57
88 58
65 52
35 35
12 13
26 94
69 34
35 38
60 92
84 43
85 20
58 32
78 50
87 44
64 84
92 35
17 21
86 70
91 41
29 22
38 48
50 84
70 93
94 80
65 85
93 89
96 8
34 81
54 16
67 67
28 99
25 34
35 1
94 18
16 11
55 5
66 22
10 50
50 26
10 86
99 22
62 77
23 50
63 72
45 31
64 28
31 49
41 84
98 29
17 73
61 24
35 13
51 1
31 29
27 72
58 13
7 78
22 82
61 54
72 47
72 62
68 52
71 66
51 57
94 83
40 88
14 96
39 36
68 49
40 65
64 7
17 0
27 61
28 20
47 78
1 99
93 28
7 46
0 85
27 18
63 98
95 46
56 26
92 44
29 70
18 92
70 5
63 13
90 88
89 64
43 23
72 61
86 11
56 53
95 61
55 33
57 97
55 48
9 45
13 34
26 75
73 51
38 13
87 29
43 83
20 92
50 44
85 13
47 76
79 20
51 16
12 13
26 57
50 13
13 94
66 3
92 76
35 24
97 67
28 37
90 97
28 50
49 91
42 18
20 33
84 3
3 5
67 80
26 94
11 14
28 22
48 44
97 0
89 97
96 19
42 63
74 60
10 49
59 72
89 78
54 12
14 91
66 16
10 56
57 69
37 32
58 17
97 67
63 31
12 46
10 96
91 27
64 52
88 85
29 42
86 22
79 69
54 52
8 86
4 77
17 29
87 35
99 52
23 44
3 78
59 54
73 83
57 19
86 1
64 77
51 13
7 12
8 16
73 14
41 50
58 38
94 67
0 87
21 68
68 87
89 70
52 41
32 30
80 1
66 8
99 40
94 0
60 79
70 73
81 58
44 7
36 51
71 2
35 77
60 68
89 34
43 65
10 33
31 85
25 38
3 93
18 77
71 79
28 79
60 50
18 48
4 18
77 44
62 98
39 76
53 47
67 83
53 0
95 43
18 51
70 46
67 69
39 96
27 78
47 83
18 51
62 79
86 22
52 68
73 93
43 17
80 45
37 27
14 52
89 89
75 68
24 73
21 42
32 57
47 90
94 79
35 2
70 49
30 89
39 43
86 63
75 2
44 18
53 34
94 35
89 27
77 23
59 2
67 28
96 38
2 13
15 10
78 5
38 62
64 80
25 23
68 7
5 33
70 46
63 39
23 11
33 16
70 79
84 78
22 11
64 27
5 12
66 35
47 21
83 53
55 49
33 81
8 57
14 67
32 52
24 68
14 39
49 2
82 35
25 60
11 6
37 45
1 9
88 8
52 70
61 36
75 62
77 31
74 15
84 96
1 61
32 82
1 34
28 35
52 8
49 1
93 66
33 85
82 96
97 91
17 64
0 77
95 38
32 66
2 12
17 57
25 67
81 51
4 65
25 1
89 40
96 48
5 96
74 82
24 76
10 87
7 57
61 99
5 24
45 21
0 93
77 58
22 45
47 50
23 70
81 87
51 31
47 73
39 11
84 8
48 22
88 97
84 31
27 1
59 89
55 66
89 31
60 38
13 68
94 80
53 98
70 68
53 96
13 23
33 1
26 88
10 73
8 9
86 93
11 11
42 40
49 20
59 61
83 45
69 63
11 16
23 74
80 21
99 48
51 1
99 33
53 45
15 39
59 1
28 10
95 62
66 73
37 94
55 38
4 43
87 88
67 75
65 94
4 56
39 6
99 63
69 74
89 68
52 46
63 80
30 61
90 86
88 37
54 50
87 27
65 45
88 29
95 16
4 40
66 86
51 27
48 54
64 39
35 6
58 1
16 39
75 15
24 46
58 35
89 1
64 11
59 64
49 30
3 63
75 21
75 9
44 62
23 54
97 63
98 84
8 72
68 40
86 40
52 80
81 40
36 16
56 27
21 1
45 43
4 46
62 43
93 23
97 41
5 60
90 0
47 51
26 14
12 28
25 28
92 78
20 39
71 67
76 27
50 44
33 4
74 77
66 99
35 60
8 80
65 86
25 46
94 45
23 96
4 56
29 50
90 81
6 9
52 93
91 63
45 3
46 37
39 45
96 84
96 52
81 11
31 91
14 88
98 86
61 74
14 54
57 38
0 9
91 5
50 90
59 0
81 64
20 74
79 40
83 42
95 16
31 44
79 36
98 76
92 97
40 73
94 6
74 86
2 4
12 84
99 25
85 48
94 73
47 13
67 95
24 26
55 67
15 46
46 57
69 21
47 47
12 6
73 64
51 83
35 11
85 50
72 78
9 24
4 37
49 90
18 61
47 96
97 54
90 49
67 68
18 19
42 17
18 10
79 78
95 64
58 75
27 23
86 8
14 40
55 61
78 84
84 4
1 34
66 24
93 84
45 94
4 99
77 95
51 8
83 57
1 91
38 66
99 33
24 40
63 11
81 98
40 37
51 22
75 85
79 6
52 36
35 17
56 95
98 98
46 3
75 54
35 58
61 30
76 43
94 84
55 90
6 33
49 14
82 98
34 22
99 30
10 30
64 58
93 47
55 7
89 88
52 72
32 20
69 58
38 90
0 73
15 33
52 92
1 70
67 67
91 44
35 54
91 36
65 79
71 20
82 44
60 84
45 4
28 44
19 96
93 60
48 30
99 80
90 64
74 60
13 15
94 86
67 37
74 2
47 12
55 57
0 62
91 7
63 84
14 97
73 61
21 77
68 58
32 65
0 68
52 58
49 99
45 66
91 18
5 11
79 8
21 47
51 61
57 54
63 77
11 38
6 92
41 30
74 52
67 59
71 26
80 11
58 94
38 49
95 33
26 65
8 19
70 27
48 36
91 19
45 86
78 61
45 30
6 11
34 47
70 21
15 70
35 20
38 64
28 41
60 49
30 93
1 0
83 2
61 42
15 29
76 88
38 38
29 10
23 91
74 73
28 90
8 77
29 31
86 62
20 2
80 29
49 79
2 33
91 99
18 91
11 12
33 90
34 4
96 94
97 10
7 54
87 96
63 22
32 72
3 47
86 93
15 17
54 25
29 87
68 32
35 66
2 80
75 15
2 61
94 12
1 2
84 21
11 90
16 59
26 97
29 32
7 41
60 51
92 31
85 87
62 6
76 68
71 47
38 10
83 8
18 45
67 35
70 48
64 10
48 27
79 64
1 58
37 28
50 2
37 3
97 27
34 38
26 81
95 69
57 81
43 92
71 18
9 84
46 25
24 65
30 81
43 39
39 87
96 11
79 33
79 85
83 87
35 7
3 72
10 3
11 54
35 91
51 28
66 27
38 41
15 45
82 49
84 20
47 25
86 65
49 88
23 16
40 94
3 22
84 0
98 98
92 54
70 16
61 96
72 62
67 4
68 57
75 11
29 86
57 71
30 46
50 5
27 15
58 98
84 29
61 68
0 10
6 18
25 42
48 35
46 53
29 79
5 86
45 9
42 79
77 86
41 86
51 50
56 84
61 71
79 24
21 87
54 40
88 29
71 62
60 56
17 2
91 55
51 81
32 73
25 1
82 87
11 8
27 84
63 48
70 40
18 9
54 70
58 97
52 73
26 66
39 90
67 41
26 33
67 64
55 78
47 39
15 75
29 70
11 45
97 4
95 37
58 63
78 52
60 88
58 25
34 44
25 38
95 55
59 45
8 67
98 28
86 22
29 77
19 30
64 65
36 8
48 76
3 36
99 32
68 30
12 56
67 21
99 45
20 25
48 91
14 93
32 58
13 92
38 18
11 38
74 4
41 84
80 59
51 78
88 40
88 91
83 72
58 3
39 1
91 98
80 5
12 1
55 71
87 8
3 21
26 54
83 13
38 52
50 1
71 84
89 35
91 51
53 65
48 63
12 66
38 84
8 46
59 15
64 84
86 69
42 21
97 90
33 23
27 89
13 85
94 70
46 19
95 95
81 4
72 42
80 17
39 73
92 15
94 63
40 20
50 72
59 23
9 74
41 52
12 12
33 36
40 65
59 84
83 21
8 42
56 82
39 27
14 81
86 90
27 36
72 6
62 80
7 61
63 47
99 50
59 81
26 30
63 40
68 76
39 84
69 49
49 75
80 61
45 25
31 97
52 72
0 8
49 28
68 4
71 76
95 54
76 37
18 17
27 56
53 93
12 58
46 70
78 47
79 2
17 8
89 99
74 70
78 85
1 50
64 73
68 95
65 80
21 56
43 73
97 33
65 1
1 23
33 16
22 60
0 0
94 48
93 9
76 22
70 70
31 29
86 91
54 76
65 33
34 32
51 83
67 51
85 79
72 81
34 62
21 42
40 50
5 20
21 31
99 78
66 79
43 69
58 50
63 19
72 45
91 87
52 40
5 74
0 86
92 95
88 92
0 43
86 85
71 24
4 29
55 26
28 37
34 5
16 10
51 67
4 35
90 1
76 73
24 96
10 52
96 49
5 49
25 11
2 9
43 83
46 12
60 9
52 39
22 23
18 23
15 49
74 1
55 68
68 1
85 14
60 5
74 43
48 28
81 99
41 40
75 62
83 52
97 56
67 26
95 11
77 74
30 50
60 27
68 83
95 10
11 28
89 4
79 0
21 75
78 95
81 89
18 10
54 25
95 43
48 94
86 39
18 57
19 99
5 23
27 46
96 57
42 65
19 16
73 11
93 30
73 73
87 56
35 36
7 76
44 81
59 27
74 58
65 73
41 86
43 87
26 97
36 96
2 23
52 2
85 95
42 83
33 75
98 57
53 1
25 7
30 25
26 48
9 26
45 44
11 6
44 92
62 71
2 33
0 46
4 42
99 86
27 54
5 17
35 76
25 35
79 95
89 11
21 2
63 62
24 69
37 25
91 99
69 83
16 1
51 27
63 75
68 54
87 9
25 14
42 34
27 87
1 32
99 15
87 64
6 17
64 87
89 73
79 90
72 32
75 66
21 21
61 67
55 35
54 90
43 37
45 92
79 93
91 89
87 38
78 66
6 80
7 82
88 58
36 38
69 38
13 52
4 3
89 9
88 2
5 73
81 92
38 79
85 70
42 8
61 19
25 57
53 3
84 96
23 10
75 86
41 95
94 97
16 37
20 27
57 48
33 56
8 25
96 33
8 37
92 16
75 71
31 83
12 52
45 84
95 48
67 64
78 60
24 28
18 73
66 36
22 6
38 65
44 51
10 85
58 60
1 65
10 38
90 90
97 83
23 77
76 71
39 28
41 51
92 64
64 71
60 97
51 80
53 90
91 9
49 52
15 22
53 99
87 84
25 57
72 42
12 86
9 76
99 14
43 89
34 46
74 52
59 22
85 16
86 42
82 38
48 67
75 19
83 44
97 2
60 54
76 95
76 21
16 98
85 36
50 50
23 88
29 65
76 84
23 88
92 38
65 86
16 23
14 77
31 21
68 51
9 20
75 77
87 34
44 80
38 88
23 47
83 55
96 93
34 63
41 8
72 13
4 37
74 53
84 2
14 89
42 15
99 70
34 66
76 97
31 61
0 90
64 43
29 66
73 69
45 17
21 73
87 48
7 67
20 27
36 43
35 11
90 90
6 24
22 88
24 94
94 96
42 43
5 77
30 23
62 28
20 71
22 22
10 34
81 21
8 77
61 95
5 41
48 94
28 69
33 44
65 43
49 98
9 22
13 25
2 62
69 81
91 38
64 25
95 54
9 18
66 45
58 13
95 41
71 3
76 32
42 55
19 45
48 0
95 83
20 85
19 32
24 8
75 65
42 1
71 94
55 81
30 63
30 59
18 22
22 10
90 92
74 46
54 53
49 54
42 5
80 76
54 98
25 89
48 94
65 55
65 75
93 94
5 47
6 73
24 9
84 14
84 7
9 40
68 70
6 43
65 49
54 81
43 66
19 42
53 63
15 39
46 12
59 77
52 25
79 67
33 31
87 28
12 74
7 92
94 71
81 26
98 47
13 97
77 42
91 8
30 22
40 45
97 0
31 91
98 84
79 44
83 36
78 14
63 5
58 34
39 47
92 1
73 11
71 20
12 2
90 39
69 75
65 13
11 21
31 71
77 48
70 46
11 32
97 46
76 38
54 53
38 81
75 1
12 76
43 53
14 2
78 27
94 49
29 79
11 80
57 75
84 77
63 21
51 53
93 97
84 64
96 94
39 39
76 7
59 57
23 40
19 1
98 49
64 89
48 29
97 63
31 71
69 88
64 20
64 46
54 42
81 85
15 84
9 96
65 94
20 37
97 18
24 15
76 43
7 73
6 94
14 20
83 31
43 10
43 15
87 92
73 4
15 94
23 85
72 82
82 95
46 84
67 6
2 96
39 3
71 62
64 60
52 77
53 72
17 55
28 46
13 41
25 7
7 82
92 69
63 52
98 94
25 79
16 8
43 36
65 5
10 61
1 11
63 67
17 99
64 19
23 91
94 79
84 64
92 70
47 21
13 82
9 42
8 89
83 48
14 89
57 53
81 16
74 88
9 92
45 95
2 7
54 60
64 21
54 89
87 59
1 62
57 93
52 1
61 45
72 27
54 32
36 53
84 33
10 83
31 3
75 17
10 83
38 13
92 23
30 30
83 20
96 4
67 98
45 7
33 60
85 4
85 35
65 13
9 22
15 46
47 15
22 29
60 41
76 12
62 22
82 34
66 92
87 25
13 70
54 67
61 64
78 5
52 70
99 63
19 61
14 30
72 35
1 59
82 12
73 81
74 4
66 27
54 18
37 68
40 40
82 72
89 67
42 57
90 35
55 3
57 95
14 53
63 25
84 72
49 82
83 11
69 94
58 27
70 98
43 71
85 21
90 39
21 43
10 41
10 9
9 80
73 50
93 84
91 85
77 79
88 45
77 73
81 69
15 84
32 73
89 15
1 53
32 81
92 49
89 80
15 28
18 82
82 82
9 62
34 61
27 67
17 75
38 65
17 0
58 32
72 27
21 3
23 73
26 96
68 56
18 42
40 90
70 65
43 37
42 28
3 80
45 50
5 31
78 84
59 17
84 81
76 20
43 59
48 12
42 84
70 12
46 74
18 80
55 98
64 54
57 96
83 11
65 51
63 75
88 18
85 2
0 29
56 46
50 55
42 21
21 91
22 32
44 62
66 26
62 35
31 77
89 35
5 46
18 4
47 27
0 70
31 97
81 90
38 10
72 65
76 12
13 75
26 9
32 9
2 75
99 19
65 98
57 89
43 9
39 88
5 37
86 96
57 52
58 62
82 38
53 35
82 31
44 95
62 52
37 47
84 96
46 99
3 33
5 11
35 93
96 74
29 86
76 85
59 89
27 9
27 4
50 91
39 56
9 33
10 43
78 65
75 7
23 83
1 5
61 29
27 17
39 12
48 9
2 44
90 86
81 73
55 87
60 60
79 18
87 31
97 33
69 71
31 30
88 5
64 70
27 34
45 12
84 32
35 46
68 25
13 2
75 10
84 57
68 27
20 48
80 63
77 47
50 72
17 67
62 30
4 59
90 95
91 25
13 71
45 19
43 67
80 9
5 47
87 72
26 4
27 48
84 22
24 24
49 81
47 3
72 74
17 45
66 96
61 60
6 33
79 25
79 66
33 63
22 74
35 16
48 38
93 86
73 39
60 80
58 51
47 37
26 51
89 35
53 1
96 33
90 62
66 69
61 72
29 91
69 50
64 52
44 32
47 20
24 25
0 93
42 32
45 28
11 47
29 94
28 43
50 56
22 54
78 7
70 6
95 6
31 38
67 5
60 1
90 45
49 38
30 18
72 55
86 81
14 20
19 82
56 36
83 48
89 77
63 24
80 7
6 52
33 70
12 65
63 44
49 62
68 75
4 19
80 35
72 42
71 20
0 27
29 15
86 66
41 34
10 33
76 3
81 63
39 29
87 20
35 49
66 76
98 88
65 40
42 10
26 32
35 41
72 17
26 1
27 69
39 38
33 2
0 3
18 59
93 60
64 11
2 16
0 18
65 27
1 83
82 91
80 97
79 90
27 17
7 88
18 97
38 17
84 97
19 20
39 57
77 7
93 15
84 10
66 92
54 5
13 26
9 53
92 86
16 88
4 14
21 56
14 83
91 43
88 66
20 14
73 14
95 74
21 48
68 38
89 43
67 93
15 57
68 35
86 54
45 92
68 88
44 12
32 88
72 89
5 30
28 63
52 89
85 8
34 98
11 49
90 58
16 34
60 40
25 77
12 91
25 42
17 99
46 53
97 54
37 4
17 15
52 58
44 40
52 12
24 79
67 59
92 87
42 86
86 97
72 76
42 73
71 39
10 11
74 56
16 98
98 21
39 95
51 23
2 31
28 81
80 16
32 5
56 87
54 89
94 25
63 67
78 40
80 35
24 34
70 86
68 12
25 87
55 72
34 57
40 80
59 59
12 45
25 21
39 94
95 57
42 31
63 36
97 0
73 65
33 90
4 43
31 0
82 11
79 74
73 12
37 17
10 31
86 49
86 38
72 23
33 95
72 94
38 44
14 57
72 89
14 12
42 22
22 42
73 53
43 78
51 78
64 81
8 26
96 13
1 8
78 86
80 40
59 53
56 94
68 61
93 66
76 56
29 98
71 70
24 21
9 62
29 11
35 31
92 60
56 2
55 61
95 39
26 28
84 18
21 4
42 91
72 56
18 48
6 47
18 81
85 2
2 79
43 74
85 89
5 89
18 70
2 78
42 54
15 88
33 9
29 24
98 52
13 38
5 54
46 80
32 74
62 19
73 56
22 6
72 1
3 4
13 90
74 91
98 20
28 56
20 17
51 60
46 7
55 62
76 67
16 7
55 4
68 8
89 21
30 22
3 34
87 32
20 11
99 11
14 55
2 18
39 93
40 37
29 28
76 20
74 35
69 29
75 67
99 23
39 47
39 28
86 87
64 79
60 37
55 79
41 61
72 78
35 55
58 80
40 75
10 44
0 96
52 47
25 13
45 64
72 36
19 70
9 29
33 85
9 32
45 44
93 93
37 48
4 33
40 20
63 97
98 32
95 51
48 4
96 75
12 35
62 9
63 98
41 72
94 16
47 56
95 60
29 54
48 67
16 23
70 29
32 62
58 92
41 55
36 50
89 32
76 20
88 36
24 69
58 53
84 69
21 17
86 16
60 19
29 41
65 83
91 78
28 7
83 19
99 38
82 26
85 92
67 88
53 87
92 61
97 54
33 8
39 51
95 85
83 78
14 10
43 38
36 13
88 20
66 90
55 46
48 81
38 97
66 24
14 3
81 21
30 44
55 29
89 32
81 5
40 14
15 41
39 18
82 74
47 38
42 89
8 12
34 13
98 65
40 83
45 96
55 34
70 37
53 43
79 99
75 71
1 92
14 46
62 24
37 14
1 80
65 56
68 46
39 27
57 42
88 66
27 77
65 16
96 91
55 85
8 15
16 71
73 85
77 20
90 15
41 70
0 95
3 56
94 58
50 28
19 91
27 31
56 3
25 40
4 18
76 52
55 45
91 32
31 22
95 12
44 14
4 34
56 41
63 82
42 96
52 34
96 96
92 14
78 52
1 73
86 26
99 63
99 64
19 96
78 54
53 13
88 53
55 68
90 92
34 76
50 20
70 14
28 1
65 92
55 22
35 54
31 82
89 44
63 89
47 26
28 56
19 77
53 31
32 34
93 60
64 77
40 92
31 53
30 68
27 56
48 59
85 82
53 8
25 41
77 32
77 26
16 47
59 59
84 1
83 50
12 52
53 95
51 94
49 39
62 58
41 19
30 3
97 40
40 89
61 51
77 83
15 95
26 33
80 87
15 83
99 76
74 45
79 6
92 75
42 77
27 42
51 43
21 65
98 41
37 21
10 88
16 15
50 6
57 84
98 48
68 4
71 18
15 90
44 81
24 16
67 31
87 38
14 95
51 25
14 93
41 69
55 64
11 14
48 3
0 30
24 7
77 54
75 63
51 41
46 28
63 23
86 83
15 65
51 26
46 58
18 1
35 61
83 5
11 40
87 29
49 76
84 52
37 79
71 36
66 6
76 72
10 52
49 25
60 31
27 75
38 83
96 81
32 6
47 79
87 0
97 79
33 58
57 57
78 91
44 80
28 26
43 44
12 42
14 71
46 39
55 0
4 39
42 6
62 27
46 65
50 62
43 71
77 8
47 74
62 5
53 69
24 77
17 12
32 92
78 98
93 24
23 28
24 81
77 81
63 36
40 33
98 79
23 55
82 52
67 54
12 1
18 34
29 98
5 28
65 52
46 7
62 10
51 41
72 12
95 31
19 13
83 55
76 50
94 32
35 33
58 83
53 12
23 26
94 46
47 96
60 40
13 14
24 95
63 75
23 23
30 26
3 32
81 46
76 98
20 11
43 56
34 55
94 35
51 95
62 69
38 76
78 85
82 63
60 61
0 51
91 77
52 24
59 95
81 16
51 78
51 79
89 62
41 59
22 70
37 99
4 13
77 4
74 0
0 63
76 4
39 31
93 2
84 40
4 99
76 63
58 7
22 10
17 21
52 97
27 82
55 36
87 50
37 42
0 70
22 55
57 0
53 94
30 19
48 46
51 27
44 81
25 18
78 85
40 57
85 29
53 85
18 3
62 28
65 49
36 74
95 99
29 81
88 46
5 92
35 83
68 61
4 95
47 46
25 45
74 91
40 36
67 59
17 76
79 49
