4 8
96 19
88 63
50 9
24 25
49 15
16 24
23 40
40 19
27 66
59 16
49 56
2 56
88 67
38 50
45 83
53 94
96 47
25 10
38 39
90 33
26 9
69 95
54 47
48 99
78 82
69 62
91 96
30 1
38 64
58 1
58 31
59 99
48 44
56 14
23 3
10 51
72 60
93 66
1 9
46 55
75 14
17 30
83 92
88 80
49 50
30 60
73 87
63 66
48 85
28 42
97 43
30 30
26 16
33 22
95 39
70 9
84 73
31 7
10 85
94 37
67 87
81 86
30 83
8 19
75 68
37 21
68 63
23 60
74 45
96 96
56 49
17 65
20 93
83 38
7 7
83 14
32 50
26 41
73 76
16 70
86 11
71 47
84 83
17 89
4 39
58 84
73 8
31 28
61 33
50 54
1 37
42 75
47 51
85 16
40 17
83 55
39 73
91 22
88 14
51 62
82 36
95 89
15 22
16 49
85 11
1 16
70 88
76 60
72 74
27 88
89 43
1 83
45 99
29 10
92 53
47 81
64 82
38 81
63 39
65 96
30 68
11 91
35 23
4 55
38 41
41 98
37 94
4 28
40 92
10 29
80 9
20 96
18 98
57 97
66 78
21 47
76 46
96 47
73 88
68 1
91 0
30 56
37 58
43 27
81 12
10 54
32 54
2 15
85 91
64 52
26 87
66 9
65 98
81 78
58 73
78 12
60 45
25 68
69 39
80 19
73 92
24 59
82 98
96 48
56 74
49 81
8 24
24 66
28 25
83 49
24 4
76 31
49 53
34 90
62 48
12 98
16 87
66 70
87 83
56 64
75 27
31 8
66 59
0 43
52 32
22 73
54 50
28 3
53 45
10 9
38 25
16 98
80 46
1 58
33 14
88 85
74 65
42 35
9 8
36 8
63 9
66 3
94 61
37 79
0 84
42 49
86 75
22 98
1 7
88 43
61 2
81 97
21 48
35 60
78 89
1 85
39 46
85 61
94 31
88 37
21 83
79 91
53 45
11 53
6 17
56 34
20 46
54 85
6 4
12 17
57 97
92 2
42 61
46 82
68 85
10 39
41 49
66 39
66 11
35 56
60 81
10 83
40 23
44 3
43 85
84 44
4 18
77 60
87 62
19 86
88 87
69 1
93 46
21 89
81 97
65 16
45 32
49 79
36 21
0 58
99 40
47 74
11 52
50 26
18 31
20 78
95 82
81 99
68 86
24 40
46 20
63 65
50 26
19 51
35 82
17 24
50 22
94 52
85 73
15 57
27 29
70 70
41 54
57 91
74 43
38 17
4 56
79 93
1 64
89 5
28 79
86 80
60 11
44 75
58 9
98 40
87 33
85 30
48 17
64 69
31 93
51 30
8 34
74 1
8 38
50 87
44 16
74 77
88 71
98 59
16 44
80 63
13 94
88 52
4 21
19 36
93 81
47 52
68 54
62 90
37 3
40 64
56 51
27 21
15 25
20 33
62 55
56 11
46 21
44 55
71 92
5 7
82 8
98 20
25 31
91 58
11 75
93 39
2 46
98 89
99 55
44 52
96 61
21 85
70 87
27 8
28 98
7 31
64 47
83 67
39 60
31 43
30 45
19 82
42 41
99 69
57 35
7 41
22 8
77 45
42 68
4 73
34 25
84 48
33 84
34 75
18 14
1 72
23 34
97 93
31 53
82 19
69 80
1 57
84 73
72 81
55 97
50 82
17 2
56 60
34 81
3 55
56 57
14 48
20 59
5 85
23 1
40 61
5 23
61 90
20 95
54 10
25 47
83 34
89 26
22 34
4 69
54 48
6 90
51 53
51 31
69 96
96 54
35 89
85 19
63 68
50 28
58 89
2 47
31 16
82 31
96 29
38 59
86 59
80 19
56 83
70 74
38 24
7 7
52 12
52 72
63 6
78 27
18 68
4 5
13 51
18 74
79 42
82 85
75 5
60 46
57 7
0 74
82 89
62 81
80 14
84 86
49 72
30 49
96 52
81 76
59 73
92 45
45 90
51 68
41 99
54 89
18 43
12 49
23 12
24 43
9 42
19 46
24 76
9 83
47 2
98 42
41 23
90 2
60 8
71 5
46 53
56 27
5 71
20 46
76 32
38 61
63 24
11 17
9 85
78 11
99 49
50 18
40 72
28 40
20 73
43 86
7 3
50 62
86 63
6 60
34 40
80 75
52 2
10 71
82 71
71 82
65 43
92 91
33 68
14 68
19 59
43 31
47 70
26 17
52 38
66 82
60 36
38 95
