57 45
33 2
56 60
50 89
95 8
81 0
30 5
47 17
68 29
91 35
14 46
22 79
92 64
41 70
43 74
21 1
81 83
28 1
61 76
93 20
91 84
4 37
6 78
69 47
41 72
28 30
46 46
13 5
4 72
54 84
78 73
92 80
39 12
25 38
92 59
30 78
5 85
28 82
19 34
24 85
4 85
34 66
50 11
58 78
7 78
43 98
86 66
42 17
90 34
80 57
46 58
48 35
68 62
43 58
60 58
24 95
7 94
77 33
1 45
27 77
60 25
25 40
57 89
80 26
42 10
6 99
40 22
50 75
58 56
84 16
66 72
28 3
31 84
51 49
76 15
11 11
4 31
40 24
70 62
61 31
18 17
25 10
82 89
70 82
78 14
89 2
2 85
49 41
64 74
55 78
38 59
44 19
52 10
24 31
77 46
23 20
49 41
59 86
69 1
5 54
55 34
93 54
62 56
8 26
13 15
83 83
50 7
51 96
4 32
16 9
22 28
34 31
98 80
32 29
11 41
78 50
68 26
43 20
99 98
94 46
32 13
50 2
6 37
25 52
82 1
80 14
79 23
79 65
2 84
9 36
78 0
27 49
98 14
38 98
80 92
62 94
82 80
36 47
92 49
28 86
93 59
64 57
27 15
62 14
41 19
52 14
69 63
15 44
3 42
92 11
63 35
49 7
12 4
56 30
75 69
9 88
22 17
72 93
32 8
37 27
35 48
6 16
19 27
68 57
21 28
25 95
3 10
16 39
66 49
58 9
9 72
59 71
40 12
69 22
68 13
66 90
61 42
2 3
12 37
35 80
94 20
78 22
80 82
19 61
17 82
44 71
72 38
82 24
48 82
8 22
60 53
98 39
0 21
98 34
35 50
76 42
18 97
54 42
53 18
1 80
20 15
17 23
27 27
98 87
33 73
81 8
47 98
72 90
3 11
34 75
46 27
74 95
22 81
81 52
39 30
7 89
99 82
49 25
4 78
63 55
65 69
1 9
75 25
52 2
92 31
15 39
77 45
72 36
67 83
4 92
19 51
32 34
50 41
80 35
15 41
21 11
2 50
98 77
14 94
80 62
72 4
21 49
53 37
34 43
72 68
97 59
62 26
87 18
76 89
39 87
86 22
78 71
36 63
51 17
99 62
57 91
83 92
42 24
41 54
31 45
64 47
7 55
85 31
89 16
43 19
89 88
17 65
0 71
50 37
40 46
96 16
49 81
62 60
32 92
22 58
57 7
56 94
15 55
28 25
84 26
62 90
0 47
71 54
39 63
11 6
20 70
96 27
18 54
46 60
98 28
90 34
59 51
46 93
28 0
59 14
88 40
97 23
43 22
79 34
81 47
80 66
29 94
27 34
74 47
83 41
7 18
75 29
5 94
44 98
94 17
3 48
55 41
94 30
12 96
79 69
21 23
54 54
10 52
0 55
62 19
84 87
18 44
88 15
68 14
22 31
41 61
97 44
68 26
45 57
71 78
76 14
64 71
24 56
67 64
72 16
61 90
88 77
43 96
96 81
39 43
91 96
44 86
68 29
61 50
60 63
25 26
24 20
44 52
70 31
42 17
41 13
19 96
59 73
27 14
20 47
60 77
1 24
11 38
38 10
60 1
86 13
15 1
40 58
80 36
69 70
16 68
59 89
8 74
4 26
62 47
58 99
93 24
67 37
3 72
50 73
51 96
28 7
41 38
39 74
45 58
36 77
37 83
75 49
0 77
19 18
18 41
29 59
0 66
20 43
68 0
26 96
74 2
15 23
5 47
91 60
70 93
88 69
72 87
3 87
81 99
58 19
0 53
52 68
59 48
82 53
13 55
43 5
38 86
74 95
87 39
10 63
63 62
28 9
87 45
12 47
73 45
28 77
34 86
39 8
97 97
69 21
87 89
41 34
69 81
45 10
38 78
61 5
63 59
65 61
46 75
41 5
95 5
7 24
75 55
17 32
56 62
15 14
2 89
46 27
75 91
7 31
0 50
99 39
12 2
47 67
41 70
42 79
42 72
91 14
42 72
82 35
79 78
25 3
66 24
28 58
38 6
41 45
56 72
25 24
53 17
27 56
42 63
50 57
91 73
62 87
73 60
65 40
19 58
46 80
57 8
80 70
36 52
5 38
99 8
76 27
59 34
50 71
77 3
67 60
28 26
84 51
14 91
32 15
77 9
74 3
5 2
22 56
82 64
46 95
26 25
29 49
78 21
68 23
33 64
86 22
10 30
22 96
21 44
9 8
67 73
77 57
10 24
28 44
94 79
32 18
64 66
44 78
8 34
78 73
84 73
26 98
42 70
84 26
2 1
27 14
97 90
45 55
81 2
80 26
89 65
8 81
14 51
17 63
98 98
81 36
43 71
4 0
80 54
96 26
68 52
95 65
87 93
67 46
5 34
51 96
97 59
78 99
20 2
70 19
70 6
80 10
40 91
22 50
67 69
93 42
21 36
99 39
1 21
33 65
31 90
5 26
11 47
11 30
68 90
59 54
72 51
83 32
22 65
89 67
85 72
38 97
61 3
25 8
12 58
57 98
88 22
26 59
49 56
76 93
6 15
10 14
48 79
48 58
86 56
56 73
35 91
69 23
21 2
5 92
85 5
30 69
26 18
76 29
47 76
98 24
91 4
79 68
40 65
43 64
24 15
87 27
47 67
68 26
25 93
90 58
94 62
96 67
77 62
69 8
83 12
40 44
60 35
39 6
11 16
38 82
9 59
48 80
5 10
54 66
71 86
50 24
56 53
52 80
50 32
79 74
15 51
7 60
25 89
87 65
95 4
14 51
88 83
26 63
7 82
5 77
41 1
94 8
91 58
75 66
42 19
65 11
48 58
84 87
95 22
81 81
73 13
5 96
17 85
70 90
42 10
1 95
33 57
20 86
12 85
69 44
80 70
30 23
32 4
90 98
24 70
1 67
68 21
58 35
12 27
53 93
97 19
94 21
22 85
86 82
36 60
48 14
85 58
95 84
77 8
58 95
77 70
32 14
73 3
25 8
21 15
72 82
91 89
3 11
42 66
8 85
19 37
30 95
63 71
6 9
96 10
48 14
34 10
78 16
99 57
73 31
34 3
55 23
25 44
32 82
94 92
84 84
21 47
67 94
17 40
64 44
73 68
72 38
3 9
93 24
50 60
27 78
7 29
10 49
63 59
19 50
83 56
41 35
89 58
94 2
92 73
74 93
57 81
57 57
72 11
44 23
21 45
25 82
12 68
89 95
45 93
0 92
73 60
7 50
72 67
5 6
35 30
30 59
81 37
24 32
77 12
95 29
25 3
18 70
19 14
78 52
6 53
7 32
72 58
10 11
57 17
55 32
88 16
16 16
3 79
96 99
2 14
19 24
37 13
73 12
96 86
13 50
43 72
87 49
41 16
0 7
30 38
85 15
2 99
33 6
73 10
30 93
95 94
31 97
74 95
16 5
36 60
27 69
86 24
46 16
28 99
97 2
62 8
74 92
76 53
59 53
30 9
74 90
18 9
48 32
92 88
97 77
11 25
11 70
10 58
21 62
27 85
64 20
26 52
13 13
24 27
21 19
19 82
50 90
16 17
77 99
11 52
74 15
50 67
6 53
64 53
70 55
59 3
4 64
24 49
6 90
63 41
5 64
29 30
60 9
14 31
25 90
63 98
29 21
36 69
21 40
24 8
97 13
85 92
83 49
61 80
98 63
28 3
80 48
69 50
19 2
41 91
30 65
65 41
7 94
42 49
77 83
76 48
91 43
34 94
80 73
21 87
24 87
15 54
55 48
56 55
10 18
70 68
26 27
24 77
78 29
77 12
67 96
23 58
2 1
69 62
55 0
85 71
86 57
41 35
59 6
33 19
70 65
95 83
26 31
55 86
26 53
65 35
53 16
11 48
30 75
65 1
51 78
66 1
53 46
39 82
41 97
15 54
95 16
25 62
34 5
34 64
61 76
49 69
80 81
89 28
49 2
17 27
15 78
72 59
87 71
68 46
3 26
54 1
70 28
3 11
76 1
71 71
60 73
17 73
21 42
87 28
46 97
80 59
46 55
91 5
94 89
57 35
52 48
34 57
30 91
57 13
67 77
11 12
28 86
54 72
36 95
21 23
98 20
22 26
67 42
2 65
2 11
69 83
78 14
89 20
41 6
67 56
90 93
53 40
88 58
22 34
72 37
29 0
60 58
9 11
26 60
16 51
56 49
87 44
60 39
45 59
3 76
63 81
9 40
9 86
93 81
58 79
73 52
17 38
90 39
16 10
12 59
35 99
51 75
37 14
97 0
89 15
90 35
46 60
5 93
67 6
65 86
7 12
28 14
50 18
88 66
55 18
12 81
38 34
79 23
20 69
56 57
60 20
0 96
34 91
34 85
99 68
59 36
69 74
29 28
50 60
72 78
43 44
74 51
93 64
5 99
81 37
54 94
71 45
40 22
33 29
16 11
82 49
50 65
81 30
72 79
29 79
66 38
76 51
14 91
97 91
67 26
97 95
67 94
50 71
34 27
34 33
39 54
47 63
49 30
17 70
64 22
45 72
26 43
43 13
30 56
35 59
6 12
94 81
49 34
5 89
54 99
33 40
2 34
52 19
37 87
14 44
73 83
84 27
80 57
60 6
58 3
67 9
13 42
88 43
94 3
23 16
77 47
79 68
67 90
87 96
34 2
28 15
89 99
62 57
98 78
25 20
38 75
38 82
5 94
43 6
12 47
84 50
68 77
42 40
53 75
92 45
81 76
10 43
18 72
57 58
90 20
7 97
15 22
21 24
28 80
71 67
34 45
4 35
84 89
13 32
39 91
9 20
59 3
8 91
98 53
67 97
23 24
48 93
62 31
73 35
82 20
39 12
39 96
6 62
12 0
24 51
3 31
55 30
25 47
93 54
38 48
87 20
66 96
4 65
28 98
22 27
71 24
11 61
11 46
10 88
22 94
91 34
80 65
26 18
73 49
15 19
89 53
18 83
58 67
99 87
7 14
83 23
79 21
16 37
16 33
52 85
47 95
90 73
50 33
13 61
29 54
79 45
34 12
92 18
7 77
7 82
40 79
90 65
73 90
34 60
4 52
29 14
97 65
51 65
47 80
59 4
56 72
44 66
1 99
36 11
5 91
67 89
38 42
62 61
25 34
13 63
44 56
64 17
85 28
77 87
93 0
30 9
0 48
56 27
10 26
43 16
77 30
12 49
26 65
87 46
68 73
8 41
73 75
1 43
86 18
96 98
61 19
15 32
48 77
97 39
34 76
87 89
45 36
29 17
18 11
34 75
67 57
48 17
75 61
23 91
21 54
25 59
55 93
48 30
18 26
63 60
97 61
46 43
27 53
42 2
14 60
93 40
23 9
23 34
89 56
92 88
62 38
71 90
28 35
61 90
75 93
68 99
83 4
61 40
58 45
21 26
26 47
31 7
96 96
1 78
33 91
24 81
64 76
52 41
10 67
57 75
65 86
68 52
83 51
17 92
28 25
16 16
21 27
84 85
61 19
66 16
62 7
74 59
23 31
41 90
74 98
8 10
82 27
18 54
60 96
47 4
60 21
18 11
95 61
67 16
77 28
85 74
44 97
61 3
57 91
39 75
16 24
80 84
53 82
45 65
41 47
63 26
96 61
37 7
74 37
10 88
94 68
98 20
68 76
4 57
18 75
71 37
70 55
83 72
55 15
53 71
31 5
12 42
24 81
16 11
32 1
22 81
74 45
31 91
67 81
98 22
15 49
4 98
39 68
45 97
51 71
51 18
57 72
57 79
20 66
61 36
43 27
74 27
47 16
37 34
79 89
1 82
79 78
99 64
59 80
11 0
54 78
3 71
35 83
81 40
14 5
4 8
51 5
17 7
82 12
61 74
19 60
53 49
43 0
78 44
83 55
67 52
15 75
8 89
59 68
20 62
92 84
81 9
69 52
10 59
90 73
31 9
90 11
23 36
47 25
21 4
88 26
91 73
38 72
0 39
18 30
15 7
8 92
46 35
99 55
92 25
51 20
71 28
5 10
72 51
74 55
88 44
16 50
26 92
16 26
78 19
40 56
95 64
34 58
2 86
86 34
59 16
64 48
41 57
46 95
48 24
1 36
64 92
31 81
79 23
95 45
56 23
57 48
84 87
29 12
60 77
85 31
85 98
20 38
4 25
42 24
7 50
88 31
32 35
3 75
44 65
65 23
42 15
96 84
28 54
29 75
22 78
60 22
51 15
8 6
15 59
73 38
51 60
83 17
66 65
21 17
57 39
69 88
41 39
94 97
53 53
72 62
91 73
8 61
11 21
37 65
33 4
95 64
99 25
49 11
57 58
28 69
63 29
46 86
80 51
44 85
44 88
41 25
6 53
6 38
79 56
89 20
67 64
2 30
79 68
30 15
55 69
78 50
20 72
90 86
62 73
58 44
54 17
34 13
96 22
84 76
38 27
95 85
35 74
98 15
49 19
26 92
41 63
26 35
23 53
41 6
44 75
57 25
29 9
55 55
68 41
23 37
79 29
33 25
57 94
3 13
36 84
2 66
24 61
34 84
51 38
98 74
39 84
95 18
69 30
39 71
16 84
77 65
65 86
56 21
71 22
84 36
4 40
23 42
64 15
10 94
42 24
57 2
42 10
89 59
3 51
93 14
49 32
20 52
11 15
44 67
69 46
6 28
53 62
6 56
14 11
65 73
95 19
76 92
86 9
97 64
2 84
68 23
58 83
23 25
4 16
78 84
65 9
15 15
28 64
9 49
94 91
0 43
92 45
59 68
13 57
3 85
1 41
52 16
92 86
45 57
32 88
42 63
85 0
36 73
72 77
30 66
86 6
16 67
46 66
75 31
85 64
33 94
62 18
90 95
72 10
62 14
52 75
48 32
81 78
8 22
85 39
46 78
59 89
50 1
78 42
92 35
4 98
0 94
51 5
27 86
22 27
10 12
76 22
87 48
70 13
35 51
22 24
65 32
7 54
32 71
15 6
43 96
70 48
70 44
42 20
82 1
28 29
63 8
77 75
5 17
0 55
66 60
12 86
14 23
28 26
75 70
16 67
14 17
53 0
49 26
52 68
39 19
24 58
25 18
33 90
4 31
42 30
96 30
98 28
39 94
18 85
83 92
17 40
55 48
0 47
6 21
92 29
66 2
97 76
56 51
87 78
70 42
1 55
1 21
5 5
43 58
90 47
83 79
11 99
22 64
60 18
10 21
51 60
65 27
23 51
20 75
29 69
19 48
58 85
86 90
36 40
40 49
23 57
93 99
43 52
37 68
39 35
98 61
0 39
33 52
25 66
56 8
15 2
76 14
36 81
67 38
89 77
39 93
30 22
0 46
36 48
80 21
73 96
68 75
23 16
65 96
57 61
77 28
99 43
78 13
88 2
76 79
97 46
49 8
58 55
73 70
41 5
98 1
35 78
91 82
72 3
70 56
14 93
92 18
95 23
94 95
12 29
87 37
1 66
12 27
6 54
98 25
9 59
47 77
59 73
57 90
48 81
13 39
63 24
56 24
68 7
82 77
92 1
72 66
40 64
62 45
74 99
39 49
93 50
54 17
96 40
40 34
8 34
90 23
1 34
38 50
40 80
60 59
63 92
80 93
68 23
4 97
32 79
24 62
71 15
7 17
88 87
89 28
90 13
18 47
45 59
24 66
31 68
11 72
1 99
39 92
1 54
24 52
17 42
51 97
95 26
63 56
71 80
46 55
78 12
60 17
33 53
38 53
19 75
7 39
36 63
88 78
81 91
20 37
52 71
29 47
66 37
94 77
6 73
85 66
73 87
62 45
63 76
86 63
28 51
57 72
94 13
29 27
73 17
56 90
98 80
34 47
32 65
45 90
25 62
80 22
5 82
29 10
48 4
34 10
38 80
89 87
62 36
7 22
79 5
51 28
19 44
96 69
16 93
25 0
16 71
98 46
61 95
18 42
2 73
6 85
24 99
45 44
77 67
14 21
83 97
79 47
82 46
9 54
60 95
17 67
20 53
13 7
40 60
56 37
50 34
99 92
15 36
12 20
39 12
15 56
21 96
7 49
74 55
65 64
2 95
21 82
58 27
46 31
36 54
87 88
57 45
42 17
85 78
68 97
57 89
8 54
71 88
48 86
55 22
19 54
79 41
14 72
89 28
39 28
40 37
38 49
91 84
58 11
60 60
62 81
8 0
98 76
71 94
44 35
22 9
66 77
42 8
41 32
82 96
37 56
76 5
20 22
5 84
71 11
59 80
11 42
28 20
1 95
65 35
74 0
11 36
60 10
16 29
26 76
20 75
11 0
48 79
39 64
45 96
21 72
52 44
29 85
29 20
78 87
69 35
87 28
13 59
42 5
66 46
10 20
30 47
98 82
32 15
48 29
88 80
18 37
52 26
79 40
39 11
82 52
64 37
58 66
26 68
7 68
2 91
17 88
30 92
65 94
70 35
14 23
92 14
9 25
20 63
43 78
65 10
44 61
15 56
68 28
20 13
83 58
98 84
42 36
13 64
4 51
8 87
12 94
89 30
83 42
7 69
28 56
83 34
70 24
12 49
15 98
37 53
45 15
47 66
62 13
44 99
46 84
50 33
45 41
88 84
84 23
15 74
93 84
55 22
77 89
43 8
44 49
13 33
48 9
31 52
75 36
89 49
4 36
38 56
89 51
10 36
70 96
82 95
93 15
67 77
41 58
79 88
4 98
20 82
91 22
23 6
66 99
72 34
39 4
56 92
62 61
49 66
76 69
96 21
62 64
94 33
80 35
1 50
32 71
42 41
97 45
9 45
92 0
43 28
52 94
64 95
20 40
52 10
17 49
29 32
11 50
91 52
57 97
36 35
56 11
67 9
29 6
38 73
99 97
90 60
99 1
51 17
74 5
30 26
9 76
1 38
53 65
9 41
7 88
30 59
33 93
12 22
19 24
99 24
56 85
60 50
34 23
16 19
39 56
90 78
19 87
68 47
56 62
32 97
94 38
37 36
2 79
67 50
34 81
16 49
22 7
16 64
74 86
73 6
98 33
97 49
33 11
31 52
16 76
43 75
87 13
41 27
65 86
65 24
58 27
75 16
33 76
9 94
94 10
85 86
1 7
54 80
61 77
73 51
61 66
15 81
68 81
94 9
99 91
80 88
2 7
74 36
14 36
88 66
38 87
14 54
83 88
12 34
51 58
23 85
76 79
26 92
58 10
91 72
84 48
51 67
43 11
95 22
22 38
19 70
65 90
7 2
10 63
5 78
45 29
42 5
53 48
96 1
69 86
56 43
62 40
21 77
78 49
4 60
3 49
44 17
14 6
99 54
46 56
6 3
45 64
33 60
65 4
57 83
88 61
65 32
19 53
14 40
15 59
76 17
85 76
56 21
96 94
40 23
48 13
14 55
16 42
79 18
73 19
38 93
79 23
88 5
91 72
30 43
81 25
45 70
89 25
99 5
9 67
60 1
90 15
60 2
5 95
8 1
45 78
82 78
11 88
53 77
97 8
65 7
56 38
75 56
71 79
0 31
80 3
40 60
1 14
42 20
93 63
74 55
11 65
87 29
13 26
47 39
95 44
59 91
37 64
65 50
79 4
20 57
34 74
21 94
40 92
82 4
61 89
72 37
38 85
71 44
50 1
26 3
69 7
63 12
18 51
67 72
47 79
29 20
82 5
37 77
89 47
14 9
95 34
75 36
30 3
57 25
34 47
64 74
27 71
43 2
5 54
39 12
8 48
11 42
40 59
69 43
70 9
86 11
4 10
96 7
56 13
96 94
45 57
17 45
43 77
91 77
48 87
20 85
27 3
90 57
68 42
22 1
93 69
0 93
70 51
73 43
97 31
0 39
91 9
19 22
6 85
82 41
3 99
26 7
72 87
85 74
40 40
36 66
26 46
68 60
20 98
83 62
26 11
11 84
84 9
97 70
9 42
36 10
18 77
78 1
97 25
82 55
32 70
14 20
85 67
94 75
23 14
77 21
8 86
90 79
44 59
17 86
50 85
19 60
40 71
48 23
56 78
44 18
41 70
77 97
59 84
87 23
16 25
42 64
22 38
29 23
30 58
53 91
67 64
64 5
54 47
36 17
45 21
32 77
24 5
46 90
53 8
90 97
45 80
90 80
19 90
97 3
90 18
74 58
98 91
16 97
41 62
67 92
60 53
59 88
69 96
46 88
55 68
41 13
47 47
67 98
90 21
99 69
46 12
69 58
58 8
2 49
64 70
18 25
89 20
72 40
81 82
40 34
33 99
59 43
40 18
91 1
72 11
69 23
92 41
85 29
47 95
33 85
77 40
65 90
26 76
47 55
2 3
78 10
54 52
47 84
48 57
15 67
75 6
85 39
29 34
0 73
86 86
15 19
64 19
58 11
6 57
21 19
51 5
86 47
32 31
31 40
52 59
12 36
26 11
8 8
11 63
11 83
71 20
7 51
93 98
20 41
71 93
46 45
92 75
64 60
90 55
17 38
57 40
86 99
53 9
46 6
33 95
55 84
54 14
83 92
7 22
73 64
58 30
60 46
24 1
20 3
63 40
71 64
96 53
13 15
80 0
46 88
29 57
52 8
55 64
31 18
32 10
85 22
11 90
98 47
97 47
27 60
10 16
36 25
47 24
98 50
57 72
10 6
1 32
71 92
87 66
78 42
13 13
46 73
21 48
11 16
57 72
1 50
65 57
57 40
84 19
66 44
7 90
29 56
78 83
25 97
21 63
29 14
73 85
67 64
89 39
25 16
9 54
8 63
5 45
44 47
50 32
69 4
5 16
56 41
90 95
90 56
61 24
45 48
97 87
3 36
14 87
14 91
8 52
91 19
40 58
57 46
54 0
27 14
78 48
89 71
72 47
46 49
56 37
36 69
46 15
4 55
7 58
6 71
79 88
34 54
40 77
10 60
93 39
89 81
29 92
91 78
99 5
45 93
31 35
80 92
92 51
88 60
27 43
8 2
56 54
32 28
73 23
10 20
99 14
19 98
92 49
26 63
32 47
5 72
42 45
76 21
72 37
43 45
49 60
58 3
50 48
5 57
80 23
11 81
16 23
6 37
2 36
26 60
1 4
28 80
61 60
6 70
84 79
46 61
48 85
5 50
38 29
23 79
65 87
2 57
92 11
6 61
4 27
83 34
12 32
43 91
81 40
40 19
85 75
19 47
14 7
10 78
82 99
67 33
18 28
11 86
7 16
99 68
68 22
59 99
68 8
75 62
50 32
52 85
36 64
98 76
91 7
72 14
70 14
2 69
59 90
44 16
17 22
76 55
52 34
29 61
32 52
35 46
26 20
66 25
58 3
34 42
40 64
85 35
80 16
91 85
6 18
39 18
29 60
56 11
67 14
46 88
98 65
41 50
60 2
31 59
18 71
19 57
27 82
9 49
77 90
19 85
71 35
53 22
97 14
14 30
86 86
31 3
3 11
62 97
6 82
13 20
39 93
32 81
36 50
77 97
24 47
52 64
79 58
67 85
47 62
53 53
66 20
86 1
48 2
82 29
48 0
19 31
35 93
16 78
8 17
22 91
25 32
18 16
13 35
25 70
21 43
83 33
98 20
37 98
57 24
96 26
59 76
43 4
71 69
79 89
6 96
27 67
94 57
8 68
85 3
87 68
55 41
36 26
86 44
96 94
56 80
27 56
86 85
33 63
52 98
11 40
99 0
7 64
43 62
13 46
27 75
18 27
72 6
2 9
46 47
53 70
73 64
70 44
55 55
96 98
26 60
42 66
80 91
5 35
1 90
75 49
14 51
92 21
7 87
92 17
31 43
88 9
73 50
60 68
0 94
8 39
26 90
11 70
1 62
26 76
55 3
69 66
8 56
28 34
56 98
24 11
84 5
17 34
6 19
63 87
27 32
71 53
28 54
66 93
41 41
85 82
16 13
8 10
26 97
50 76
44 9
33 68
13 74
50 81
91 2
98 81
89 2
76 74
34 55
92 27
87 22
85 28
9 35
75 73
36 54
67 14
29 59
12 96
91 10
85 93
16 47
76 27
98 32
3 48
86 51
53 33
54 20
23 77
93 77
77 16
77 86
86 44
21 95
70 77
85 52
22 36
69 20
70 95
56 71
43 12
98 17
75 4
22 47
12 12
1 42
28 74
2 70
41 69
29 34
21 32
1 14
2 46
94 22
8 71
11 41
41 93
19 14
38 36
94 22
38 90
4 65
49 93
49 63
57 19
36 56
94 9
66 0
74 96
66 36
92 99
39 5
69 32
17 95
6 33
95 98
34 22
7 69
6 88
36 86
30 86
97 18
73 1
24 51
83 91
95 96
38 62
53 67
24 35
86 26
70 38
73 16
87 84
61 49
59 29
78 33
34 85
58 89
54 87
68 6
87 85
60 83
47 70
35 0
46 49
90 47
30 85
48 89
59 47
9 77
49 49
37 14
62 42
11 18
36 99
84 98
93 26
58 46
98 88
89 87
65 61
12 39
88 72
69 0
46 29
47 38
97 81
83 8
76 10
57 21
32 8
29 71
26 26
86 46
63 80
30 0
73 21
50 33
74 74
3 37
49 82
23 90
39 13
98 54
97 4
13 99
4 45
36 21
19 53
43 28
56 81
85 0
21 98
18 31
99 62
52 49
85 96
46 38
79 77
90 62
10 61
28 70
27 37
36 66
24 50
59 16
93 95
29 52
38 47
88 62
23 63
89 18
3 29
30 54
73 56
39 44
0 32
35 41
72 78
6 34
56 80
51 33
93 19
38 84
79 19
48 55
59 33
18 74
48 65
65 98
29 19
66 84
10 94
22 92
25 14
54 84
56 96
2 46
89 84
78 53
95 75
85 46
96 64
71 16
31 97
1 87
43 80
30 14
22 86
29 91
15 63
10 48
81 29
61 37
79 33
6 48
29 45
98 97
47 10
11 73
33 28
70 69
53 84
43 33
72 71
74 37
85 55
57 94
19 14
76 99
84 16
1 10
40 99
33 54
27 42
79 79
35 9
25 35
18 15
21 38
76 25
96 17
69 96
84 25
29 30
47 55
52 9
30 82
44 48
43 23
48 23
53 82
65 91
9 52
25 31
47 88
96 50
32 2
12 59
55 91
8 71
6 5
67 66
21 86
92 70
72 67
45 17
36 72
84 6
41 21
18 24
72 89
18 12
11 58
4 1
17 33
76 35
18 96
97 88
73 15
58 56
67 39
25 11
72 33
80 76
39 56
56 2
27 3
63 99
81 85
39 5
20 52
97 50
13 15
63 20
89 60
69 92
13 27
45 71
84 29
98 43
59 0
91 2
78 90
21 16
53 82
6 41
73 99
13 13
38 12
26 74
35 62
43 52
90 38
3 21
33 1
96 26
61 48
77 24
83 61
10 91
77 36
0 62
16 91
15 58
37 48
12 74
17 77
68 30
64 94
73 46
14 6
19 1
98 14
96 86
99 71
58 17
35 35
56 16
22 57
27 54
55 57
51 32
92 83
90 83
94 59
44 18
62 63
0 9
39 7
17 14
93 24
13 12
69 10
13 88
26 5
26 22
68 51
45 41
0 99
42 11
66 95
2 51
95 38
93 86
4 43
77 49
89 16
77 8
27 96
3 66
69 10
78 78
34 35
65 97
19 34
83 56
55 33
24 80
75 46
19 19
35 77
82 82
41 90
62 63
34 23
57 32
82 35
6 1
74 50
64 49
48 62
77 26
11 81
8 63
99 84
49 30
85 59
43 13
22 23
79 98
90 29
48 77
80 74
76 31
79 53
22 70
17 19
82 48
69 44
16 8
9 84
1 79
36 20
29 34
48 42
40 61
97 2
48 41
92 16
19 83
31 1
17 52
14 28
74 37
81 79
53 31
32 90
74 97
37 78
47 43
20 52
98 15
0 40
17 82
11 39
61 93
65 80
12 29
45 45
95 4
80 74
63 27
46 69
94 45
77 70
48 74
97 4
0 46
67 41
18 61
68 28
99 88
44 45
79 24
18 36
22 75
65 45
56 79
62 34
94 88
71 13
59 58
85 79
76 9
79 22
45 65
35 15
81 78
65 93
40 24
46 72
63 44
10 65
57 86
45 5
19 10
78 85
38 8
62 96
45 81
60 52
95 40
53 51
27 75
86 60
32 71
82 56
80 47
97 16
78 10
45 83
51 38
43 31
52 27
21 51
47 56
20 18
47 64
75 92
67 39
79 36
5 88
75 70
33 63
83 64
21 64
67 61
58 5
64 0
87 46
37 80
6 55
29 17
79 31
51 20
7 42
15 16
37 27
52 47
53 38
77 63
97 7
55 47
79 26
81 0
75 79
66 40
8 62
17 67
1 73
24 86
17 70
61 68
78 35
26 71
37 36
58 80
82 76
6 25
20 6
97 83
50 9
63 22
17 89
92 46
21 96
57 76
47 32
11 27
18 60
29 1
71 14
4 48
86 37
11 29
87 73
14 48
30 99
23 89
1 63
93 59
27 48
81 0
67 11
45 20
80 64
65 19
73 22
55 39
53 68
14 53
30 31
3 82
23 26
57 37
98 37
60 24
3 9
78 18
34 31
0 4
37 76
96 4
68 25
99 71
90 56
6 79
32 47
97 11
56 38
80 77
92 30
30 89
61 7
73 71
77 49
79 45
57 62
51 29
81 61
81 31
10 29
32 29
0 49
2 87
28 43
38 49
30 88
64 70
10 58
69 58
16 76
80 7
72 22
50 85
59 8
40 29
9 9
34 50
1 67
45 91
99 13
46 60
47 72
92 12
35 33
88 23
1 22
48 76
65 10
70 33
19 88
64 71
67 88
15 13
9 80
34 73
86 22
61 40
32 72
87 84
15 49
57 75
76 58
54 2
97 86
22 71
16 91
82 66
69 35
21 47
87 5
56 3
99 7
74 32
9 42
59 89
56 82
0 26
71 21
3 72
41 82
60 40
45 26
72 46
59 20
63 94
84 98
87 61
95 47
35 3
44 63
85 6
55 10
70 65
14 22
57 8
59 4
13 39
52 94
94 25
8 71
49 85
67 89
40 37
60 78
92 76
81 32
51 50
84 79
97 43
73 96
93 79
86 50
41 84
93 93
52 70
19 50
49 47
72 36
27 69
12 24
63 97
99 77
25 65
6 92
65 97
22 70
80 56
57 61
19 70
94 36
79 5
47 54
86 35
82 8
52 0
34 58
30 16
98 87
57 38
9 27
12 87
26 57
86 76
41 89
41 81
53 8
48 37
52 50
46 82
27 88
25 62
29 87
61 1
6 83
2 35
66 74
57 66
63 70
3 40
18 96
58 2
60 35
6 10
71 22
16 84
13 11
10 80
97 59
49 72
12 99
65 69
29 6
48 71
59 75
4 33
64 76
27 78
45 88
36 77
19 51
53 0
77 13
85 9
49 0
88 63
25 99
76 85
30 66
44 42
52 52
20 69
77 2
0 81
44 9
40 5
10 21
64 86
61 15
35 91
26 73
66 10
62 14
88 80
30 82
9 64
88 92
47 62
12 97
29 10
2 57
50 3
11 41
28 45
14 34
72 36
67 60
80 58
48 1
97 36
69 10
41 30
29 15
71 21
56 32
96 17
88 87
66 69
12 5
26 12
23 6
71 32
79 77
87 0
59 36
94 87
62 0
24 41
98 15
23 71
15 47
73 52
46 46
10 71
29 67
12 56
62 48
41 76
49 1
69 36
75 21
32 9
6 85
1 17
41 29
63 96
38 0
2 38
62 2
18 45
24 43
96 9
72 40
14 34
71 36
31 63
63 28
30 33
19 98
79 42
18 28
77 15
56 36
5 70
64 95
48 27
61 42
61 22
61 26
64 24
5 95
19 81
90 55
93 84
99 12
50 29
18 39
8 70
51 87
12 38
42 5
12 98
71 17
97 47
34 50
44 20
55 8
62 32
55 17
58 45
16 5
46 16
0 87
14 53
50 91
21 76
92 60
40 65
61 44
69 36
44 11
59 90
74 58
48 59
45 60
69 48
16 52
10 81
53 66
42 46
41 41
82 35
89 56
66 63
31 28
3 76
68 46
50 52
98 41
13 96
24 95
75 86
66 41
4 83
95 30
34 97
19 57
97 82
84 12
33 78
27 24
0 43
12 32
18 54
96 50
62 74
35 63
49 53
11 14
29 33
79 14
57 11
53 81
60 23
25 39
35 2
15 0
74 79
40 21
59 87
58 83
16 61
39 24
43 8
62 28
77 82
38 76
55 70
75 3
11 51
1 45
71 9
80 5
16 0
19 96
36 16
94 81
78 20
73 64
54 64
7 54
9 42
47 69
30 83
7 3
17 23
14 57
35 56
48 81
81 23
6 51
64 33
68 83
30 98
30 38
23 3
49 86
54 26
17 30
45 53
94 25
80 52
79 73
24 9
39 85
3 24
42 99
35 49
51 13
54 34
74 32
62 15
70 83
35 15
4 3
52 71
79 77
70 39
39 37
73 97
39 48
33 14
87 1
52 96
5 91
72 99
65 47
96 61
10 39
22 53
56 83
47 42
94 47
80 12
15 38
18 86
2 45
2 47
65 24
99 58
87 63
20 51
28 17
39 63
89 67
3 62
73 82
50 24
77 57
11 8
78 36
77 83
69 8
7 49
48 24
32 35
77 65
39 28
28 40
92 19
37 19
91 84
96 22
7 2
17 27
77 68
41 11
62 60
24 46
32 70
55 49
95 23
39 5
99 53
83 47
65 39
56 28
45 49
27 60
22 84
20 79
39 58
85 40
18 9
63 3
76 69
78 72
63 21
95 73
41 76
97 87
24 14
11 68
24 68
65 24
7 17
4 56
59 23
2 96
76 15
95 36
26 14
38 46
7 63
37 75
45 29
18 36
65 2
39 52
62 51
72 90
63 40
15 67
85 56
67 71
45 62
68 14
36 14
63 88
84 80
53 95
27 14
24 42
9 42
85 41
67 45
63 68
85 46
72 65
57 98
35 32
17 55
16 51
51 75
84 84
59 81
86 75
61 19
26 81
31 93
65 89
49 7
22 25
91 83
35 36
40 63
62 88
8 74
34 59
35 75
70 20
41 57
9 28
16 45
9 50
1 0
54 9
70 92
40 30
72 73
97 28
79 84
49 97
12 52
79 22
42 75
76 38
49 20
38 72
34 75
87 72
59 85
95 58
23 72
80 19
77 57
1 92
85 88
17 89
91 73
91 3
0 45
21 17
11 58
57 87
20 56
85 44
16 53
39 62
25 77
68 92
13 64
87 61
36 95
0 13
82 4
45 71
27 20
94 83
72 18
77 4
61 11
51 89
70 40
5 48
53 66
10 32
74 11
55 40
16 40
67 16
35 39
26 55
68 77
75 34
39 13
12 10
76 75
88 53
61 74
65 14
86 15
27 45
98 17
63 31
68 23
71 43
70 85
24 22
57 45
93 4
49 58
91 85
77 56
13 10
39 61
60 21
86 36
23 33
43 54
40 82
77 82
13 58
68 56
63 78
10 31
1 38
57 23
83 60
73 20
40 4
64 6
35 5
0 20
76 86
93 15
35 55
77 91
48 1
74 1
48 99
33 76
78 99
57 23
55 4
83 6
92 10
28 44
99 20
79 1
50 3
83 10
80 25
84 85
98 55
37 62
39 84
63 33
60 5
19 16
53 29
82 57
29 22
1 12
13 2
37 55
37 30
61 83
85 3
50 4
3 52
68 40
54 30
32 75
86 77
58 48
6 30
74 82
11 67
7 32
3 64
21 9
22 37
57 65
55 80
52 76
88 97
29 8
86 42
55 24
83 29
24 99
57 39
81 46
81 39
21 28
97 6
15 90
70 6
96 37
36 4
91 4
65 16
37 28
59 53
41 1
60 67
21 75
21 15
68 76
71 65
89 66
84 58
66 89
46 50
22 28
81 69
29 98
49 32
5 8
2 83
35 14
46 24
48 10
61 49
84 1
41 91
80 15
3 50
31 53
50 62
52 37
42 46
46 21
6 68
99 78
43 15
79 56
31 17
60 3
98 0
34 9
33 96
54 42
55 95
59 5
86 76
57 77
89 24
19 61
24 67
25 90
37 98
1 38
53 24
69 73
39 54
70 39
56 26
65 17
39 9
87 82
50 70
65 45
55 83
34 30
11 47
39 48
18 77
29 43
93 97
52 45
32 12
18 84
94 62
78 62
12 54
67 8
42 76
90 17
0 93
13 91
13 72
79 55
67 44
28 5
9 89
98 53
50 92
12 36
44 3
22 8
82 98
18 79
12 29
86 72
9 33
73 0
63 54
32 93
17 18
65 16
84 8
71 77
94 71
74 38
67 82
60 87
12 10
1 89
21 35
26 31
7 42
13 88
50 80
11 23
72 46
96 54
3 6
5 2
21 42
2 77
78 99
86 47
62 75
21 64
33 65
7 35
0 86
11 50
17 57
74 14
63 36
79 37
60 78
17 95
6 95
92 92
55 90
52 89
49 33
51 35
26 72
78 33
49 60
65 77
82 94
51 91
16 4
15 5
81 96
49 21
18 33
83 11
66 9
10 34
34 47
84 27
36 38
92 10
57 4
48 0
81 95
10 16
54 55
10 23
79 67
38 66
25 99
24 11
34 44
89 8
34 93
10 78
23 38
90 23
92 58
87 64
45 89
39 86
22 88
61 13
29 12
4 6
29 43
73 6
21 51
90 61
59 73
14 81
54 41
1 82
27 26
72 26
91 78
60 60
36 23
73 7
73 74
66 81
16 0
12 53
31 23
11 1
73 60
3 51
27 22
72 37
9 77
91 82
46 14
59 15
55 51
96 24
47 46
88 6
42 4
97 96
49 69
94 64
82 62
61 16
4 8
22 3
51 68
82 12
91 95
51 15
84 18
87 82
32 34
40 7
33 20
20 20
96 35
96 97
45 12
17 39
79 51
21 2
51 88
18 54
36 96
62 20
95 24
0 22
31 31
92 74
21 5
12 42
18 35
91 78
10 84
53 53
66 13
94 40
38 31
16 3
12 14
41 9
79 52
0 64
76 28
32 46
95 90
58 17
88 17
88 49
79 35
25 35
19 96
53 91
34 95
64 36
94 44
96 32
18 23
99 88
48 43
7 19
85 93
39 79
44 52
82 88
90 67
18 94
63 76
43 31
51 0
83 58
48 83
50 88
87 71
21 37
38 79
84 79
66 51
10 98
47 42
23 90
33 25
18 90
70 76
31 73
9 40
6 79
0 51
33 25
75 52
92 49
16 5
52 61
88 80
86 71
64 60
20 87
86 4
17 77
38 62
2 40
78 50
88 6
35 40
86 66
37 63
48 10
39 61
27 28
33 60
67 27
77 15
58 82
74 95
33 69
14 58
93 65
46 5
33 76
15 94
0 64
67 5
81 34
79 91
4 84
94 43
80 67
16 35
47 21
60 51
67 31
30 90
45 5
14 45
59 95
29 7
76 75
97 55
93 70
71 98
14 2
82 89
50 24
19 85
98 73
52 75
76 1
70 60
80 91
11 17
72 18
60 45
5 63
24 71
96 27
92 27
23 87
55 27
93 49
16 97
17 51
46 37
74 26
56 32
10 95
39 48
79 45
85 1
89 23
56 21
13 33
67 70
45 56
77 34
39 22
35 40
29 48
81 15
58 34
70 58
61 29
40 46
17 46
93 67
65 37
87 35
26 16
91 98
84 43
95 51
73 89
38 6
25 0
33 61
59 26
87 17
32 62
92 16
11 8
34 35
71 46
98 83
36 1
86 15
0 38
43 13
5 20
79 18
38 80
18 91
17 91
43 86
69 68
23 13
58 7
89 21
33 54
80 80
48 51
76 45
1 42
79 9
68 0
90 73
37 7
38 0
84 47
25 33
70 95
57 10
29 11
63 17
68 57
84 14
90 11
89 31
62 48
35 70
32 35
84 2
50 89
37 5
49 15
86 39
18 60
79 94
7 0
14 65
29 91
93 96
49 96
88 74
59 54
99 73
57 91
95 58
14 84
89 9
86 3
84 35
32 71
32 93
41 17
90 58
56 7
26 42
34 91
17 82
47 89
23 80
51 55
31 29
47 91
11 91
35 31
47 78
44 71
33 18
29 38
8 63
68 81
58 76
63 81
87 56
39 78
49 96
77 19
65 75
46 64
0 24
99 65
65 41
6 10
15 37
23 75
44 74
68 31
70 54
80 10
69 97
33 18
68 52
64 93
34 91
6 50
90 14
70 93
2 33
20 38
98 73
66 95
60 84
85 74
26 24
91 55
30 32
47 93
1 17
54 41
83 95
74 56
48 67
83 11
38 41
88 27
77 24
44 74
44 88
25 3
69 96
27 35
79 77
89 1
2 30
74 41
15 39
17 35
77 79
89 43
33 2
94 18
48 11
71 62
87 6
65 85
48 55
34 40
49 13
44 16
88 62
26 71
79 48
23 1
58 49
57 81
16 95
8 88
42 50
95 93
76 33
59 91
65 80
86 83
97 96
98 68
0 99
11 20
80 84
20 70
7 27
99 55
3 61
14 46
0 48
30 99
13 18
72 47
52 2
21 83
31 87
72 51
78 49
73 26
10 29
28 21
70 71
23 26
35 43
63 57
64 27
15 61
69 58
46 10
66 82
8 71
65 6
92 60
68 83
66 35
5 3
28 88
26 44
4 99
41 61
54 83
93 69
94 87
45 27
77 68
19 14
33 13
93 19
82 44
53 89
50 88
34 97
61 74
28 28
92 69
32 1
38 56
9 87
24 3
78 26
33 71
23 51
13 73
95 38
76 91
10 57
11 31
4 40
54 87
66 63
33 85
14 35
44 73
62 28
6 84
54 56
83 79
65 63
36 87
62 56
64 36
89 90
6 51
93 82
62 7
51 15
20 49
25 67
39 15
27 86
45 96
59 21
64 41
9 9
21 71
49 4
55 94
17 39
32 39
13 10
45 76
29 65
70 23
7 0
0 93
19 57
29 76
49 51
58 92
16 47
8 50
52 30
73 16
32 61
21 75
90 85
65 9
15 26
26 81
88 27
22 22
36 5
37 23
46 53
10 88
98 54
73 10
14 6
67 75
36 4
58 38
71 3
5 36
59 83
82 71
2 58
48 10
30 63
73 30
60 84
59 50
87 90
64 84
45 60
59 73
77 16
29 42
63 83
25 65
30 59
30 7
29 53
18 84
95 54
21 25
33 54
98 43
40 64
66 49
84 32
7 71
53 79
86 0
88 83
25 69
25 6
44 90
57 2
54 30
93 36
27 50
13 51
62 81
60 49
88 63
66 55
95 51
46 72
46 5
69 33
50 6
14 19
73 46
73 10
61 71
87 76
8 55
49 89
36 46
45 0
78 15
34 63
54 97
72 50
9 48
35 98
10 52
95 81
72 98
79 19
55 54
18 48
83 26
10 83
91 50
63 14
59 6
61 20
2 2
67 58
2 45
59 71
27 67
81 22
49 53
33 55
18 77
92 51
28 29
35 52
44 2
54 7
95 55
3 78
7 3
89 64
49 8
13 78
9 88
16 17
47 24
10 92
81 30
3 60
64 89
3 43
43 15
48 14
79 29
78 56
82 37
50 17
65 21
56 20
48 37
8 96
35 67
95 47
19 67
70 95
58 82
27 77
80 33
22 21
43 94
67 50
1 26
72 33
79 61
36 38
41 64
93 88
45 56
97 2
89 5
13 21
57 65
78 32
20 79
68 17
2 99
42 62
41 81
68 5
72 25
33 92
41 12
21 86
15 67
90 43
80 36
37 67
48 20
30 34
70 34
96 70
13 79
20 58
47 42
43 36
54 98
8 84
26 0
67 36
66 1
77 34
89 80
58 75
36 28
30 91
55 40
56 35
64 87
36 44
23 27
32 99
54 35
93 87
99 48
69 56
9 24
79 5
33 55
42 71
54 71
96 35
35 23
90 78
89 43
52 83
52 21
48 23
41 72
99 15
10 3
90 74
61 34
51 77
70 65
72 62
93 51
40 4
39 48
3 29
5 21
77 13
33 84
71 99
68 66
47 2
5 16
4 94
4 54
22 2
58 31
46 58
60 41
7 38
21 94
65 64
78 49
26 15
50 81
44 17
43 52
28 25
95 21
8 89
57 49
62 31
32 27
89 21
63 60
55 4
51 57
35 6
6 40
95 88
66 39
11 27
22 28
88 31
60 55
59 12
78 71
67 12
7 56
2 32
11 68
46 48
23 74
9 52
37 47
59 56
33 36
69 20
30 73
35 7
66 95
36 44
91 20
77 6
10 44
23 95
56 91
67 71
88 78
94 29
7 45
9 2
39 2
51 38
5 74
74 66
15 23
25 53
34 43
17 30
31 62
29 50
39 70
80 24
17 72
10 69
2 29
96 22
72 56
27 12
67 94
65 58
20 13
34 86
37 46
61 28
6 65
46 31
83 35
88 39
87 31
12 16
45 54
11 5
13 62
42 16
13 54
5 7
97 50
29 88
21 40
19 64
14 72
95 27
92 3
37 76
87 32
41 51
14 79
90 43
52 14
62 56
39 47
41 77
94 64
93 41
27 7
56 40
14 54
63 86
85 1
32 98
59 0
95 46
75 55
37 62
28 41
64 78
81 71
0 57
35 96
15 28
66 92
31 43
94 57
92 36
