42 2
24 51
65 85
72 39
9 41
8 3
54 85
86 35
18 27
14 42
22 48
24 54
12 83
9 31
92 77
20 52
98 71
15 66
60 47
12 36
96 46
61 71
6 14
76 59
13 18
79 97
10 57
5 75
92 7
36 59
12 82
96 54
32 66
21 90
45 47
22 2
94 94
33 13
53 83
10 41
36 93
44 58
50 16
35 45
29 21
28 60
97 31
14 26
55 43
82 24
3 13
64 25
5 93
81 57
66 67
45 57
94 94
32 71
20 2
12 4
87 0
44 41
52 30
38 59
8 52
6 51
6 11
96 67
41 70
36 63
74 48
95 16
84 18
73 8
72 22
19 68
1 17
3 56
15 96
18 45
64 88
28 51
63 57
34 98
17 52
55 83
99 60
71 24
70 25
36 45
45 90
51 25
22 81
92 20
53 70
95 5
76 63
13 51
4 62
36 55
72 72
94 26
9 54
51 81
80 79
83 76
7 28
57 61
9 8
12 42
85 44
27 44
28 6
68 91
76 95
12 32
6 2
13 71
9 6
65 93
29 7
54 40
18 98
15 3
25 13
36 98
27 27
48 31
27 91
92 23
73 70
59 87
54 7
95 86
43 27
16 15
68 90
74 79
18 49
32 98
70 29
97 11
59 24
39 99
15 82
43 29
86 69
20 78
72 24
3 79
30 19
18 21
62 72
82 25
44 1
59 6
39 53
4 71
27 47
40 84
2 12
31 64
83 75
70 24
61 73
49 79
21 39
65 91
84 97
88 2
70 44
45 29
97 9
76 70
60 51
72 68
29 80
38 31
8 40
24 93
5 83
1 34
84 3
21 33
40 74
59 63
67 66
9 52
91 46
9 68
17 90
92 66
57 75
65 71
10 79
76 10
42 53
4 38
11 0
33 21
20 62
20 43
98 9
32 22
72 55
61 80
57 3
77 29
73 29
95 86
94 77
54 92
53 27
33 81
52 45
78 62
70 85
89 46
32 41
84 44
57 12
66 91
36 21
18 71
31 90
95 82
99 38
7 12
85 5
67 27
74 46
23 91
93 63
34 50
77 64
72 3
6 48
73 96
24 5
57 26
12 20
29 42
98 45
15 80
87 71
88 16
41 4
23 87
68 82
52 40
55 42
10 14
27 40
7 60
59 0
38 25
10 22
5 19
30 52
25 59
83 52
11 87
26 32
28 10
6 76
78 66
82 48
15 94
7 33
57 9
8 24
83 3
43 90
43 54
45 1
8 95
64 93
30 34
43 2
34 76
19 41
19 23
88 49
33 62
69 78
93 46
71 73
98 27
91 82
73 25
86 57
45 83
2 71
98 75
6 18
41 42
19 71
4 65
54 5
85 59
47 6
99 86
95 57
4 51
57 19
48 15
91 80
40 50
97 20
22 63
9 13
51 28
46 22
72 28
81 96
39 98
97 19
38 21
25 60
84 93
52 13
93 9
16 11
49 63
43 89
92 3
40 68
77 53
10 98
77 97
71 78
6 38
23 9
40 9
74 23
69 43
8 14
72 8
93 88
45 72
18 22
33 10
8 59
89 9
74 65
18 81
51 57
66 80
35 0
16 90
14 52
36 90
13 86
84 83
1 89
0 62
9 66
75 80
7 31
81 47
43 84
96 25
7 97
11 93
29 18
93 19
3 53
40 79
75 6
81 36
74 94
95 44
44 0
59 97
95 93
58 97
97 79
0 42
48 41
20 60
87 84
82 37
29 93
66 85
4 88
11 3
21 75
58 66
71 93
60 54
5 39
53 9
32 18
7 68
0 72
58 49
15 34
59 53
78 82
7 24
30 35
90 69
87 15
19 46
42 81
37 6
78 95
71 21
42 32
20 47
18 83
94 17
94 58
85 64
33 80
70 78
32 12
96 14
20 45
99 32
34 77
11 49
17 93
53 48
10 44
19 39
22 84
52 28
59 74
39 87
93 36
4 50
4 46
85 84
82 12
17 91
95 2
61 16
79 63
68 1
37 41
49 50
69 30
80 4
8 18
85 31
20 44
50 46
42 50
38 84
69 67
26 19
3 36
54 9
76 57
27 31
90 51
22 91
37 72
51 97
28 63
56 77
10 28
26 76
52 74
31 2
70 81
74 73
69 5
95 46
8 98
26 90
74 64
47 59
41 36
84 87
54 63
69 98
86 49
23 85
88 80
26 49
38 85
88 37
46 85
98 38
29 47
13 30
33 64
96 49
72 26
91 5
45 21
63 96
23 43
42 8
16 40
94 33
93 38
81 2
77 30
93 93
20 2
77 13
75 92
74 81
64 52
47 83
94 84
64 64
89 77
40 48
95 62
55 52
53 13
93 82
61 31
47 39
6 20
65 59
16 34
36 60
81 80
93 24
55 58
67 79
23 34
14 81
94 39
52 14
83 16
44 46
46 98
13 77
84 63
23 9
60 35
9 59
32 15
54 3
98 55
55 10
21 23
2 86
26 23
42 84
71 23
26 80
44 62
13 56
84 68
63 18
93 31
59 27
10 98
87 89
90 59
36 62
65 9
10 99
7 28
16 51
32 51
5 73
80 9
31 77
50 47
52 72
10 17
65 18
60 39
54 93
2 23
2 36
65 79
72 91
47 51
42 25
37 40
63 27
52 36
40 15
52 7
31 29
63 30
27 52
64 67
20 42
35 83
21 21
33 21
21 76
58 23
38 58
58 75
54 91
29 30
56 73
14 93
53 88
34 64
2 98
59 7
74 75
81 3
50 6
72 33
97 34
93 84
62 86
55 26
89 26
68 74
11 61
77 66
52 80
36 6
56 77
72 87
77 68
95 45
70 17
5 62
74 75
5 83
33 1
68 7
46 87
53 82
51 90
81 95
32 82
34 98
47 1
92 61
35 83
10 60
51 84
15 55
16 7
36 2
78 45
52 76
8 35
69 50
68 6
71 81
84 64
98 24
35 25
52 64
95 39
58 11
41 29
20 52
53 50
23 6
94 32
25 42
18 70
87 38
43 34
34 1
27 53
71 23
8 31
47 91
68 10
32 9
76 79
64 87
83 62
44 18
51 92
45 9
67 98
90 80
27 61
54 82
75 23
76 26
43 37
76 98
77 52
62 89
22 4
43 28
8 89
70 16
4 38
15 42
2 10
7 8
40 34
99 98
26 16
31 18
87 29
1 28
29 45
22 98
33 83
46 34
77 53
55 65
42 68
4 54
64 96
90 14
95 84
23 88
81 81
5 25
62 18
40 71
11 72
60 17
43 90
29 38
76 49
50 56
55 77
8 26
42 79
97 30
49 83
7 7
80 44
89 29
99 21
82 34
14 13
53 3
78 12
11 57
21 77
36 91
28 6
19 44
67 78
18 29
81 16
12 93
76 95
94 98
93 73
24 46
80 72
88 57
93 81
92 28
94 0
86 76
61 15
30 65
10 93
12 63
88 81
66 69
19 9
77 57
86 55
38 90
75 20
64 19
36 46
1 63
94 16
52 48
14 72
65 6
30 11
79 15
16 22
66 59
75 87
88 69
72 52
60 50
85 72
26 83
36 56
67 36
15 67
77 25
76 77
25 65
22 49
47 78
6 72
20 39
67 21
46 51
32 39
3 92
39 86
20 47
15 74
13 91
52 71
30 81
57 5
71 52
8 11
97 67
69 34
99 7
43 88
38 7
87 86
99 66
56 83
69 73
27 18
79 79
25 69
70 45
10 77
20 64
49 72
0 44
93 84
22 77
62 67
38 95
82 89
60 35
18 96
84 87
19 26
66 11
38 11
28 23
73 55
79 68
74 91
86 78
59 91
63 6
15 79
63 12
91 31
73 27
67 43
90 97
24 39
6 48
55 58
22 54
40 63
91 21
42 47
37 23
1 75
90 36
65 56
44 5
52 62
9 11
28 29
80 31
68 22
63 6
3 9
94 79
56 30
17 7
30 98
8 28
73 78
14 66
11 31
21 9
20 7
66 3
55 62
2 11
10 97
46 94
2 61
68 43
32 61
32 5
38 68
62 62
56 68
81 52
81 57
74 11
51 0
32 92
4 8
57 47
9 10
62 69
18 84
39 22
95 32
59 77
27 56
46 74
81 65
76 26
48 47
68 36
8 40
74 94
31 60
32 48
4 18
81 22
40 24
83 67
53 10
15 86
80 73
77 76
77 94
55 41
72 40
24 57
92 72
57 28
15 37
55 76
34 3
38 89
88 39
97 83
89 97
93 35
82 3
65 42
52 56
8 46
62 98
26 36
0 0
75 19
2 9
78 5
75 15
46 81
37 46
54 29
85 3
61 29
34 87
52 47
88 34
37 81
73 16
37 83
8 12
26 30
81 41
76 21
98 26
50 46
73 6
95 39
61 38
88 73
87 36
81 17
70 18
68 98
17 70
53 46
73 44
91 8
80 71
81 36
64 31
92 53
71 24
38 77
46 34
1 79
1 63
88 11
35 56
85 9
8 80
72 22
70 60
59 67
87 6
40 35
30 51
7 98
0 83
15 7
73 87
56 13
32 48
21 31
48 30
82 55
25 1

