26 35
86 0
26 26
79 52
75 59
77 86
12 16
8 82
63 52
2 16
40 91
12 66
59 39
91 64
29 88
78 47
83 72
52 82
71 55
42 3
75 24
85 25
95 19
48 32
24 70
98 83
61 70
17 19
64 8
3 73
86 71
99 22
55 52
14 83
59 96
75 28
28 8
73 79
90 56
98 52
45 19
73 27
22 83
19 86
2 28
62 72
83 52
20 20
98 4
34 87
49 87
51 90
16 23
54 96
74 74
56 30
11 15
68 3
83 63
17 32
98 97
94 7
40 54
59 30
83 60
90 79
48 86
6 75
69 98
58 28
20 72
63 73
51 74
25 78
57 58
65 79
69 62
93 40
3 92
42 84
82 29
80 56
56 37
60 47
85 34
71 35
78 56
53 41
84 51
55 11
28 57
59 25
4 50
23 4
80 81
10 59
79 5
52 62
44 65
60 22
69 94
90 93
84 12
36 4
91 8
31 46
80 51
41 81
64 12
41 83
13 78
61 91
0 93
59 49
56 96
52 71
97 8
16 44
85 6
91 26
10 7
7 42
66 12
34 36
14 93
40 16
71 40
15 25
78 63
39 66
25 0
75 51
10 13
57 59
0 12
98 77
61 21
54 16
94 0
98 48
74 34
30 29
68 20
99 85
29 28
16 71
33 62
82 49
26 9
70 32
99 61
85 57
88 79
33 23
35 98
13 57
95 91
30 91
6 71
64 68
70 49
33 61
78 73
82 66
81 44
19 99
8 16
11 67
35 32
83 47
65 64
89 25
64 84
93 90
45 90
22 67
44 63
5 43
79 55
15 17
95 26
60 80
44 72
57 79
39 42
39 35
26 15
92 99
31 67
56 42
95 79
10 16
88 37
98 11
96 99
42 56
61 58
51 44
66 85
63 54
53 99
75 35
11 35
10 6
64 29
11 21
34 34
80 61
10 47
36 66
85 38
70 31
64 95
92 8
57 18
72 73
95 65
69 81
78 5
28 59
22 14
2 11
55 54
11 55
3 78
24 45
67 39
92 60
16 31
81 45
34 19
9 92
14 33
96 82
90 58
41 5
62 69
53 92
28 86
49 79
74 58
11 88
31 25
61 33
25 9
1 38
74 22
83 29
94 27
46 52
70 66
82 83
66 15
9 37
2 82
72 89
10 8
62 19
61 16
81 36
85 53
30 39
73 69
9 71
67 12
63 57
94 42
84 18
94 47
17 50
16 89
74 86
55 23
68 65
79 1
33 11
89 33
81 64
24 66
67 6
67 37
14 90
4 74
59 33
58 54
19 17
44 63
85 12
23 73
70 84
27 32
13 24
74 46
57 14
26 54
71 84
99 0
81 67
39 81
7 90
33 69
74 86
68 6
4 70
32 32
20 32
61 39
8 71
80 27
37 13
16 11
72 97
32 41
77 56
5 93
48 54
76 36
12 76
66 28
69 69
62 36
52 49
79 81
87 9
46 82
93 79
19 76
87 92
28 59
87 19
54 63
82 82
83 16
3 1
33 36
38 99
39 54
95 68
69 11
22 0
22 52
17 15
35 4
50 0
80 47
38 94
5 92
66 38
69 0
53 32
25 50
10 23
46 98
96 51
87 70
36 95
11 94
88 25
42 35
83 94
92 67
88 88
73 92
27 33
67 63
35 70
24 33
61 98
53 50
79 55
52 8
68 31
32 93
54 62
27 2
4 77
69 34
44 1
37 63
93 89
56 33
27 58
38 64
6 21
82 14
19 15
72 27
72 61
14 95
47 91
45 47
49 86
43 35
4 78
24 1
48 29
17 92
93 8
12 18
89 3
85 94
53 54
97 52
35 7
9 71
12 83
95 82
25 25
15 69
23 83
24 32
18 91
8 92
79 54
75 83
99 59
58 3
5 24
89 23
22 33
31 95
74 32
30 57
86 29
31 17
7 95
23 65
76 67
67 9
34 37
12 96
7 35
71 84
39 63
26 15
48 52
26 59
20 1
85 62
34 39
79 26
28 33
70 79
76 71
43 11
61 5
50 8
26 48
31 70
44 84
24 84
70 48
57 9
11 84
35 55
45 18
3 32
64 6
61 22
10 22
43 59
87 50
81 71
9 62
61 60
33 85
88 32
11 32
22 0
17 3
77 10
22 79
61 97
71 86
52 52
90 66
16 24
65 54
6 51
52 80
17 19
77 87
83 8
0 18
94 84
77 26
33 94
69 44
87 77
73 8
97 85
58 10
52 42
94 78
2 64
41 66
14 16
54 93
42 19
46 23
88 19
89 6
81 66
93 32
91 11
74 91
9 82
13 89
11 77
70 62
14 44
12 92
87 68
33 79
81 82
33 97
47 4
13 52
15 3
30 60
84 41
7 92
48 56
75 56
75 28
55 56
77 26
40 7
81 23
77 98
56 86
35 74
62 40
14 20
21 52
98 83
17 48
98 74
32 0
65 94
28 44
78 76
57 60
55 34
52 64
72 25
33 94
69 48
10 13
17 32
87 4
73 48
61 23
57 10
77 47
9 60
56 75
60 86
19 53
77 90
5 37
81 12
92 55
58 76
18 4
98 16
29 93
86 78
97 54
95 5
56 51
76 42
77 43
58 96
23 25
82 33
54 2
24 76
47 52
30 5
58 26
91 78
54 26
55 82
41 46
66 42
88 91
34 59
92 40
40 4
41 5
91 31
3 18
83 13
1 72
37 24
57 81
22 90
35 28
34 88
90 59
37 61
51 10
29 66
65 51
83 38
98 36
85 60
60 38
30 31
13 98
98 42
40 48
75 11
19 23
88 98
92 76
76 56
15 61
97 99
26 99
98 47
45 19
40 21
64 46
82 14
8 29
73 87
95 89
73 29
57 29
95 77
45 91
68 96
11 99
95 36
93 21
75 99
50 73
93 92
51 4
82 7
92 24
54 37
65 87
92 28
64 88
75 56
18 31
63 79
12 82
57 92
35 62
57 17
17 25
31 93
34 36
1 27
9 73
89 70
60 5
95 79
94 14
36 68
94 90
37 2
48 3
79 28
39 97
41 28
29 21
6 83
12 26
67 1
9 88
24 40
99 71
90 62
49 70
55 6
49 3
84 62
43 49
24 91
23 84
97 49
15 64
70 85
8 52
22 26
56 26
72 80
75 86
21 5
12 66
77 6
41 29
39 79
77 81
56 84
55 29
19 86
48 78
41 26
23 38
2 57
44 29
13 32
47 63
75 54
99 87
42 55
36 72
13 44
73 42
99 48
11 88
96 71
58 98
94 12
24 28
35 17
52 97
10 94
54 82
20 63
41 43
36 25
53 23
61 95
11 88
16 83
52 88
12 12
81 78
70 20
49 97
79 33
19 81
53 0
53 78
62 15
92 44
66 32
36 20
80 16
62 43
19 84
25 75
69 76
21 32
18 23
48 75
70 1
40 2
34 22
90 51
35 62
58 1
65 16
51 48
18 58
51 86
2 5
95 84
35 93
49 99
59 33
33 1
5 66
94 94
37 95
83 97
8 94
55 49
13 54
5 47
19 92
49 50
94 52
92 41
15 85
20 27
74 73
69 4
44 40
91 76
60 73
46 75
22 31
86 3
93 88
98 59
93 79
76 61
50 95
93 81
51 24
14 86
15 73
82 3
41 34
51 44
62 2
21 83
53 40
52 26
64 89
89 88
1 70
48 90
48 6
24 96
48 12
8 12
49 88
90 40
98 23
0 90
29 24
49 76
94 82
78 38
66 37
96 99
81 33
33 39
32 29
87 10
16 81
67 63
19 48
64 27
43 28
93 50
73 4
56 97
66 72
73 33
41 28
15 27
79 98
39 43
60 63
14 74
47 30
63 8
31 26
14 34
38 31
70 68
47 81
73 34
58 80
9 37
88 10
69 22
27 34
28 4
95 82
44 88
13 76
20 46
71 35
94 83
5 12
26 92
96 46
73 13
81 41
28 77
41 42
79 14
27 44
53 48
5 70
24 51
90 37
79 35
42 48
38 84
80 5
11 98
24 45
38 98
59 5
70 87
63 73
59 4
70 92
19 7
2 90
43 31
1 34
95 64
29 45
23 83
96 92
56 25
88 4
48 35
38 98
35 29
81 54
40 81
80 53
70 24
95 71
78 64
97 22
55 34
87 82
46 46
84 7
22 54
19 83
97 4
21 19
56 46
32 72
14 60
79 84
2 88
73 21
73 73
49 49
19 73
52 88
36 57
4 80
75 94
69 50
32 10
27 57
11 39
39 4
8 54
77 24
1 86
17 70
47 20
73 31
89 76
87 86
92 52
98 91
86 6
78 86
23 91
81 33
54 63
16 5
80 58
95 17
5 89
26 33
16 75
79 58
7 68
37 39
35 69
73 61
56 48
70 13
47 49
22 66
65 55
91 12
37 73
0 64
89 56
79 99
48 17
43 29
67 87
26 18
99 26
99 62
64 41
73 42
7 16
38 68
39 86
58 81
89 39
76 94
80 70
15 47
42 51
7 0
62 3
63 3
34 30
47 56
41 63
65 53
72 34
29 64
86 35
54 44
14 6
14 63
91 86
43 83
28 59
99 71
52 54
87 97
44 99
34 51
76 72
45 96
43 70
90 28
63 87
59 91
56 26
31 81
87 24
73 7
97 73
83 85
57 6
29 81
47 19
9 92
31 48
23 18
40 43
23 56
32 64
26 80
48 65
9 55
71 66
74 3
55 69
34 64
76 46
97 74
53 23
57 71
1 61
45 16
20 93
73 58
41 70
25 70
60 48
65 70
94 94
55 51
98 93
33 58
31 92
95 37
81 92
23 63
79 67
37 15
20 58
88 72
28 69
28 78
65 20
40 83
94 44
74 67
15 6
90 33
33 29
61 91
87 88
74 88
64 27
74 65
16 90
4 13
50 88
3 64
43 46
18 49
59 88
71 71
18 57
96 67
78 80
26 62
26 3
72 98
79 51
73 74
17 86
58 36
46 37
43 39
96 17
67 68
12 41
25 71
93 81
93 88
64 82
10 53
35 40
82 86
25 69
20 58
81 48
22 27
11 64
20 98
98 97
7 62
25 94
35 83
80 20
70 25
37 10
28 39
43 17
0 26
55 19
7 15
54 71
62 28
6 27
57 75
66 90
98 71
57 66
30 66
73 73
94 90
54 9
37 89
5 92
9 32
73 76
6 32
36 49
26 73
87 99
31 35
57 26
64 78
13 94
1 91
48 64
48 80
84 58
91 11
60 24
55 44
57 87
65 10
70 12
56 56
60 88
0 72
89 81
26 61
32 32
56 24
21 44
12 13
19 59
39 22
16 43
55 41
13 46
25 14
59 86
19 29
66 93
52 50
86 20
79 59
4 86
5 50
17 9
59 77
22 50
30 46
57 61
25 78
46 87
66 53
6 77
71 15
84 74
85 57
53 55
74 80
0 72
68 4
80 52
76 14
95 41
58 30
