13 13
89 24
85 60
48 43
84 9
79 78
16 4
59 14
5 2
18 42
94 29
3 53
18 15
89 9
45 42
27 29
66 28
93 45
73 34
80 6
60 35
2 0
34 91
21 17
36 85
42 87
29 35
10 44
19 86
40 33
55 65
11 51
54 58
98 51
85 96
73 24
73 47
72 21
46 36
6 0
1 47
53 55
32 47
39 10
22 92
5 81
68 66
34 46
69 17
88 1
6 0
3 36
87 85
71 69
25 11
37 92
4 49
31 21
61 55
58 61
4 86
68 45
93 50
38 92
70 20
99 65
64 69
63 96
70 24
9 97
5 98
21 73
80 72
65 78
89 13
51 24
80 77
24 93
51 33
77 77
58 26
99 35
31 89
21 86
18 22
55 95
33 2
64 95
69 73
46 52
15 45
86 68
41 92
24 99
37 59
37 26
68 10
78 57
41 33
92 48
11 98
85 35
52 68
93 21
30 63
73 45
1 82
98 49
23 63
41 94
16 40
78 56
90 48
75 85
46 5
34 46
85 25
62 24
3 40
19 92
71 16
85 10
29 19
4 85
91 40
56 39
38 21
8 58
16 42
22 66
85 11
81 53
38 62
41 2
57 36
18 22
9 98
24 40
94 99
40 56
53 25
78 28
83 69
71 94
7 62
16 46
83 55
86 57
52 97
97 51
67 51
32 7
51 23
18 92
8 19
22 20
6 37
85 14
25 89
67 32
93 11
19 2
74 65
2 2
49 25
75 31
51 84
8 74
3 31
91 28
40 69
36 66
90 96
87 60
26 62
99 99
90 20
76 1
53 30
76 41
65 45
73 50
96 90
46 44
2 0
98 88
77 86
50 88
87 38
17 11
54 12
40 58
46 67
64 79
46 82
80 28
52 87
39 45
85 61
89 24
76 68
82 82
9 40
50 76
28 46
50 2
22 97
26 13
13 18
65 50
8 81
56 26
6 58
8 2
56 23
22 21
24 97
61 11
39 42
4 47
35 21
38 79
61 20
75 38
39 96
61 38
50 47
95 39
17 19
46 90
77 67
8 91
26 45
36 12
21 79
51 86
86 60
84 48
6 73
33 31
95 76
56 34
85 98
35 76
47 83
33 23
57 99
41 95
74 81
28 25
22 69
10 22
3 72
24 58
17 97
40 95
10 0
24 78
2 26
87 38
32 40
68 56
69 23
30 99
34 6
32 93
3 49
20 27
65 16
47 94
23 79
26 37
54 20
83 67
66 89
84 22
6 5
93 91
10 34
6 88
22 17
10 73
36 83
2 35
50 58
37 9
83 61
28 3
21 69
86 85
39 37
57 61
54 96
48 16
77 56
50 5
20 81
90 91
37 92
48 92
97 62
35 70
84 82
34 27
60 53
49 63
29 55
36 83
92 26
49 73
77 85
51 22
3 45
11 4
26 17
31 30
95 3
34 40
57 42
57 13
13 67
95 58
67 35
73 97
62 37
92 43
49 74
88 25
99 65
74 97
16 1
46 61
0 99
91 71
16 95
19 39
88 41
27 63
0 73
93 2
66 41
82 59
26 30
35 38
70 61
30 2
23 97
67 5
69 74
69 36
32 61
78 83
57 4
22 38
20 87
70 22
11 98
82 45
12 45
96 61
25 97
93 46
98 2
41 32
31 50
4 78
18 65
70 80
71 84
60 66
8 70
26 68
91 16
98 82
85 46
54 34
47 89
66 15
97 18
97 39
69 53
94 85
51 6
76 2
11 17
62 37
9 51
56 21
85 74
74 91
30 74
61 33
55 34
10 53
57 31
84 46
39 49
15 92
11 43
17 58
54 98
70 53
35 2
79 47
85 69
28 52
92 86
37 85
84 66
19 80
15 25
35 18
9 14
62 8
52 12
71 25
69 46
38 63
79 52
12 24
49 97
0 39
56 83
7 6
95 35
38 38
37 12
52 16
19 11
17 62
91 66
23 4
43 95
58 18
74 36
73 10
74 44
34 84
51 59
54 74
6 16
93 57
87 92
21 66
76 7
34 86
29 39
26 95
18 16
3 53
57 64
0 26
3 19
76 66
81 86
1 14
54 34
50 54
5 36
49 59
63 11
62 9
88 36
97 5
66 56
6 96
77 20
8 63
46 94
9 22
82 7
17 21
72 27
1 50
24 95
26 71
82 32
79 88
83 49
42 74
85 10
46 98
10 83
59 21
37 87
1 90
95 71
50 95
1 21
76 15
4 36
12 17
15 69
61 57
12 96
91 30
18 12
82 90
13 70
66 68
4 55
85 70
79 83
83 11
22 36
69 40
91 97
53 15
17 18
75 1
73 85
72 69
98 52
91 69
94 11
16 26
80 21
61 9
33 77
12 12
13 18
9 27
7 72
14 92
24 17
90 61
8 7
4 57
19 22
43 0
16 42
17 81
19 24
28 20
58 28
58 22
33 97
35 12
58 21
43 0
1 0
19 55
71 49
15 63
33 82
2 52
12 30
82 15
56 92
34 17
32 69
93 89
31 61
11 10
70 1
63 70
96 89
88 35
14 32
87 7
67 52
39 51
42 13
18 72
81 42
52 80
15 53
99 51
76 69
56 83
52 28
76 78
39 0
22 55
14 79
23 43
72 34
88 68
61 80
60 39
38 3
90 42
81 21
51 30
15 74
9 34
82 60
10 50
49 89
66 79
6 6
44 63
89 51
12 20
22 58
16 58
56 67
12 2
73 13
20 45
59 86
9 29
16 1
75 77
74 2
19 4
58 31
4 24
50 17
4 8
92 40
46 60
98 62
96 67
80 89
4 56
91 47
5 39
24 42
52 72
62 75
7 10
58 20
38 5
93 30
4 67
11 28
58 28
38 54
12 10
42 87
89 28
93 41
94 14
55 15
7 33
39 33
68 37
33 50
25 83
13 90
53 55
57 5
35 79
63 66
22 63
84 95
27 26
10 20
75 71
17 77
29 48
34 36
70 87
92 97
90 37
27 42
58 57
48 30
85 75
99 33
10 28
66 56
40 28
32 62
39 20
94 21
91 13
10 37
53 46
92 55
14 81
72 42
94 18
66 62
17 60
65 73
37 16
66 98
58 69
0 52
74 4
77 7
36 85
34 70
93 39
31 72
86 12
26 56
21 98
3 3
40 19
46 88
16 9
81 82
68 7
38 88
3 71
29 23
95 48
61 59
91 5
66 16
65 96
51 70
37 57
37 70
89 62
97 87
18 51
63 81
1 13
16 9
39 70
69 66
20 16
52 60
95 96
53 66
79 65
66 39
46 60
31 95
73 39
71 34
99 61
65 83
35 89
26 51
76 66
82 54
46 56
13 18
31 5
18 27
40 50
43 55
56 10
54 40
53 67
67 28
52 67
31 19
28 10
96 33
91 89
58 56
83 30
57 56
80 16
45 69
90 35
23 34
0 6
30 47
39 0
8 96
88 77
93 15
75 87
20 52
85 2
51 55
25 76
94 87
59 78
95 91
70 35
66 43
84 24
14 9
19 6
46 19
38 61
2 66
86 64
15 26
39 95
65 27
90 97
47 50
43 11
52 13
14 0
18 34
59 23
88 64
5 81
83 85
78 65
87 46
96 30
6 39
98 6
66 55
78 91
86 72
1 25
83 92
64 44
9 21
19 81
85 20
10 86
26 57
89 54
31 28
94 64
34 28
83 65
17 57
66 95
0 55
66 78
36 57
21 0
74 66
20 47
39 97
50 4
66 79
28 71
75 41
81 96
86 85
23 63
40 48
14 59
79 88
24 46
57 78
7 97
94 98
29 27
57 1
65 24
73 94
38 25
52 43
50 5
57 90
17 47
2 24
6 43
34 83
29 26
27 57
62 66
71 62
97 90
17 20
72 59
29 99
71 10
37 30
94 33
30 67
16 40
24 70
10 41
29 40
45 64
35 37
63 69
21 80
53 0
95 43
40 70
76 16
42 36
32 58
34 24
84 60
33 87
21 92
70 26
52 26
9 2
71 51
67 50
95 46
29 73
8 9
89 37
94 90
10 97
64 97
81 94
28 44
80 20
60 77
14 27
3 98
27 59
36 76
82 20
26 48
4 58
93 76
15 35
4 18
78 57
23 8
11 21
59 53
23 59
44 80
93 23
3 29
83 25
91 32
55 53
95 4
79 49
2 19
41 53
90 95
26 68
8 49
75 60
45 35
70 26
31 27
47 67
39 77
85 93
24 95
99 22
33 38
72 9
27 50
92 23
57 88
56 2
15 95
31 90
32 34
81 92
60 51
86 36
27 70
30 7
37 32
31 50
33 67
41 35
48 65
94 81
3 36
80 17
36 99
99 73
76 96
98 49
19 53
8 98
99 16
93 38
70 72
41 89
5 21
30 35
7 12
2 54
23 76
15 47
91 63
39 50
3 97
9 0
29 80
36 16
16 42
41 85
37 93
91 22
39 87
41 37
6 94
46 72
32 91
15 15
82 44
66 57
93 0
32 81
55 43
78 69
14 54
79 3
98 37
27 99
3 75
33 22
31 82
9 98
24 82
27 68
75 80
71 68
83 38
20 6
41 39
15 96
61 25
12 50
51 50
28 82
63 15
41 80
0 69
25 93
40 72
61 45
3 42
86 55
4 16
2 36
72 20
17 75
49 8
36 66
46 49
72 30
30 69
24 92
38 36
7 98
75 27
3 63
94 14
60 89
39 40
37 74
61 70
77 14
9 69
55 72
28 8
32 2
29 81
40 37
74 47
95 47
6 6
36 28
29 90
67 50
3 80
2 84
59 18
76 80
47 53
21 98
9 78
91 84
94 39
37 25
63 77
31 0
38 35
96 80
20 10
40 68
55 44
1 35
91 69
67 44
13 69
98 31
55 21
92 46
88 72
80 53
40 52
61 6
84 8
51 50
17 3
21 95
26 85
95 75
16 62
92 51
85 1
57 93
3 80
1 16
52 65
96 90
87 22
55 83
67 9
1 51
34 71
48 92
81 32
70 18
15 57
18 22
88 45
88 43
9 67
4 91
71 6
47 79
35 57
66 35
48 64
10 91
7 90
60 45
0 48
14 70
2 42
98 76
29 74
42 98
9 76
25 60
72 50
25 75
89 71
97 83
72 11
58 11
71 35
28 11
87 5
28 73
59 65
59 77
63 19
95 90
15 29
70 62
42 16
76 95
74 64
3 26
52 4
18 52
69 35
9 79
0 95
64 70
95 96
19 5
84 88
43 37
31 31
95 62
78 0
46 10
7 94
20 26
64 36
61 36
78 51
32 66
13 57
81 4
36 8
18 57
34 94
14 46
95 72
1 56
51 23
54 41
0 76
9 19
79 87
82 87
63 75
1 32
98 35
30 38
37 87
84 68
49 27
10 41
49 31
53 1
8 97
85 1
80 0
38 51
12 97
54 63
63 61
27 20
30 57
64 95
10 64
20 58
17 32
71 8
25 23
24 70
87 19
19 45
40 81
75 36
97 71
10 25
87 75
84 23
22 42
74 34
95 77
19 6
70 25
68 77
69 61
59 26
66 85
71 55
11 24
18 43
92 98
39 22
52 75
93 78
84 29
45 39
38 53
97 50
0 30
20 20
82 47
79 32
32 41
69 47
60 27
44 5
7 0
21 5
33 9
25 81
3 31
43 41
9 13
58 3
94 40
30 77
82 85
89 76
76 41
45 6
14 98
83 57
49 12
76 65
42 49
32 26
54 22
24 64
32 13
84 9
0 2
54 6
4 24
30 27
14 50
62 36
11 2
19 93
4 74
45 97
38 38
8 75
32 34
70 92
48 96
44 9
19 34
93 62
10 20
41 12
32 55
59 49
70 33
15 51
38 62
89 90
51 67
65 49
7 97
43 64
5 81
31 42
12 55
3 94
38 30
60 24
58 12
20 68
90 10
63 27
23 32
23 37
40 84
44 42
12 84
77 97
61 66
29 69
49 52
44 75
64 21
37 46
55 12
79 63
77 97
58 8
87 97
65 75
72 15
40 66
46 0
82 25
30 69
96 18
64 65
38 47
97 15
80 8
43 73
31 2
89 50
1 30
96 27
16 49
27 17
68 15
10 85
80 75
32 78
81 55
50 99
64 5
95 51
26 67
43 63
90 40
9 90
22 68
47 72
63 0
28 59
33 57
66 43
65 55
89 43
57 90
69 60
74 89
9 78
31 5
51 37
53 22
47 96
29 42
4 9
5 77
96 22
47 50
14 98
88 79
30 79
87 90
96 18
30 17
49 67
90 68
27 10
0 17
62 27
85 56
42 23
11 79
26 27
51 86
7 78
64 9
30 2
9 32
80 94
74 34
75 50
82 11
23 47
17 71
8 71
8 54
30 98
93 13
98 87
80 54
80 15
10 25
67 87
52 76
32 70
17 83
17 90
41 80
22 82
40 97
13 13
96 10
27 48
13 88
4 84
36 36
8 81
2 21
15 53
70 61
42 27
53 14
17 66
43 18
11 60
30 75
70 30
76 32
13 63
10 24
1 74
2 17
90 38
59 21
47 69
8 27
16 7
4 4
93 90
31 93
79 8
68 86
68 19
80 7
38 85
52 92
92 11
67 33
57 24
54 30
77 92
85 65
44 2
79 10
35 49
58 48
32 27
79 71
38 35
45 48
99 4
17 78
33 2
87 35
4 56
50 94
20 20
11 89
82 59
73 43
21 63
52 87
43 5
76 11
22 67
39 94
45 88
92 72
60 83
64 77
48 59
54 7
74 81
24 35
74 25
76 73
58 83
14 74
20 70
33 37
79 33
9 6
98 26
6 78
44 23
52 40
12 25
7 19
37 40
50 79
87 2
17 50
53 3
36 63
1 47
85 59
4 1
58 14
8 7
79 56
72 48
91 66
31 90
92 87
37 29
93 89
73 40
29 59
99 98
43 53
78 61
46 23
76 35
43 71
31 17
5 83
53 97
60 30
88 44
66 44
0 12
46 0
65 44
39 93
0 90
64 66
38 49
57 95
35 68
3 37
28 65
50 45
42 1
60 28
68 57
24 92
30 64
30 5
84 13
86 55
6 40
25 52
35 2
61 70
78 96
6 96
91 30
83 43
3 79
21 95
43 37
78 24
20 82
56 82
83 0
59 85
86 59
67 17
88 40
94 98
82 98
29 84
99 38
29 42
82 70
31 46
82 10
70 64
95 16
13 43
9 1
63 7
17 53
90 77
96 97
13 47
55 88
50 54
89 58
48 22
15 86
97 45
79 25
9 43
64 34
79 2
92 68
11 10
1 84
25 39
90 46
39 83
7 79
81 58
63 30
37 79
59 86
20 91
15 88
22 90
13 95
60 77
60 40
42 46
10 60
23 1
96 37
32 77
51 85
14 60
11 12
57 29
42 83
6 40
39 12
48 49
12 70
53 13
79 11
55 56
52 53
77 86
38 68
84 36
24 37
98 70
64 54
89 49
48 68
97 43
77 0
41 30
53 67
33 24
14 15
81 20
61 36
66 92
52 75
45 62
38 34
37 5
71 0
12 42
18 61
24 16
65 54
7 73
10 91
65 75
23 35
71 36
19 48
20 72
37 54
68 34
50 12
16 72
99 9
3 26
83 93
92 27
3 99
64 48
26 32
43 70
65 43
12 19
94 88
20 39
19 2
81 13
66 39
53 81
62 7
68 44
16 8
86 15
46 44
25 67
22 68
50 81
46 62
68 24
9 23
11 96
54 85
84 78
59 40
69 78
71 59
97 4
12 85
99 33
2 61
8 37
37 5
49 96
76 50
46 4
34 35
51 86
40 30
73 80
21 37
97 9
11 69
36 43
97 96
93 11
75 90
71 23
84 27
94 87
66 15
86 78
3 80
74 74
71 47
82 24
35 27
96 98
44 7
97 15
50 81
77 51
14 68
71 48
40 91
67 13
34 49
77 37
60 83
91 53
1 67
62 78
73 73
11 67
32 55
82 4
66 53
13 41
1 88
47 9
55 24
41 38
52 91
98 68
18 50
2 66
41 14
70 3
23 30
40 63
94 81
37 63
31 20
52 96
59 77
34 21
89 65
67 82
3 16
83 6
60 7
42 68
83 95
98 13
33 84
42 22
78 42
34 77
26 44
85 29
82 4
92 92
74 21
89 95
75 43
12 8
51 68
55 1
38 22
16 56
87 33
55 54
65 4
66 51
60 13
26 36
94 7
68 9
95 50
80 50
75 73
30 56
83 24
79 97
16 50
46 17
3 73
50 52
95 95
85 25
25 48
21 19
35 52
83 67
9 70
2 69
64 53
80 81
40 56
72 9
12 49
57 59
57 27
6 30
19 77
47 9
71 27
73 22
65 12
35 6
74 94
0 71
27 61
76 15
92 76
52 66
32 97
88 69
32 87
8 79
75 46
94 51
16 38
8 0
97 72
40 87
13 87
6 42
55 17
92 67
12 94
67 49
39 94
95 52
90 87
74 56
91 57
60 22
75 59
47 11
58 62
89 80
2 49
87 38
69 21
75 23
17 5
90 96
19 12
24 27
69 99
4 94
10 70
92 28
9 56
16 34
69 7
30 90
77 28
96 0
48 16
87 72
37 5
36 33
79 55
5 67
13 51
58 33
43 31
9 55
15 15
81 4
55 16
83 97
73 49
70 11
2 71
75 59
8 32
6 25
70 57
79 53
13 80
49 87
43 63
80 26
20 91
97 86
75 81
68 27
81 75
36 59
56 99
54 58
85 30
57 59
26 2
38 56
85 96
78 23
12 99
23 89
20 90
95 62
85 9
70 48
42 89
52 44
68 86
28 73
89 38
95 42
42 61
3 46
68 84
76 76
23 23
39 38
28 64
88 50
15 79
20 89
49 4
67 94
64 60
30 66
73 6
96 37
62 65
19 21
46 19
82 79
71 50
59 41
57 45
97 43
79 21
6 83
88 99
10 15
6 73
88 8
12 35
45 11
6 95
75 66
98 20
44 31
56 24
27 12
26 96
15 79
13 23
8 39
0 72
3 65
77 16
13 51
22 43
9 17
9 2
56 37
71 14
42 73
76 41
3 96
85 85
83 29
23 60
55 33
63 29
99 50
0 52
18 34
5 52
31 98
